540
0.01
0	0	0.406188802419	-0.812377604838	-0.406188802419	0	0	0	-0.406188802419	0.812377604838	0.406188802419	0
0	0	0.406188802419	-0.812377604838	-0.406188802419	0	0	0	-0.406188802419	0.812377604838	0.406188802419	0
0	0	0.406188802419	-0.812377604838	-0.406188802419	0	0	0	-0.406188802419	0.812377604838	0.406188802419	0
0	0	0.406188802419	-0.812377604838	-0.406188802419	0	0	0	-0.406188802419	0.812377604838	0.406188802419	0
0	0	0.406188802419	-0.812377604838	-0.406188802419	0	0	0	-0.406188802419	0.812377604838	0.406188802419	0
0	0	0.406188802419	-0.812377604838	-0.406188802419	0	0	0	-0.406188802419	0.812377604838	0.406188802419	0
0	0	0.406188802419	-0.812377604838	-0.406188802419	0	0	0	-0.406188802419	0.812377604838	0.406188802419	0
0	0	0.406188802419	-0.812377604838	-0.406188802419	0	0	0	-0.406188802419	0.812377604838	0.406188802419	0
0	0	0.406188802419	-0.812377604838	-0.406188802419	0	0	0	-0.406188802419	0.812377604838	0.406188802419	0
0	0	0.406188802419	-0.812377604838	-0.406188802419	0	0	0	-0.406188802419	0.812377604838	0.406188802419	0
0	0	0.406188802419	-0.812377604838	-0.406188802419	0	0	0	-0.406188802419	0.812377604838	0.406188802419	0
0	0	0.406188802419	-0.812377604838	-0.406188802419	0	0	0	-0.406188802419	0.812377604838	0.406188802419	0
0	0	0.406188802419	-0.812377604838	-0.406188802419	0	0	0	-0.406188802419	0.812377604838	0.406188802419	0
0	0	0.406188802419	-0.812377604838	-0.406188802419	0	0	0	-0.406188802419	0.812377604838	0.406188802419	0
0	0	0.406188802419	-0.812377604838	-0.406188802419	0	0	0	-0.406188802419	0.812377604838	0.406188802419	0
0	0	0.406188802419	-0.812377604838	-0.406188802419	0	0	0	-0.406188802419	0.812377604838	0.406188802419	0
0	0	0.406188802419	-0.812377604838	-0.406188802419	0	0	0	-0.406188802419	0.812377604838	0.406188802419	0
0	0	0.406188802419	-0.812377604838	-0.406188802419	0	0	0	-0.406188802419	0.812377604838	0.406188802419	0
0	0	0.406188802419	-0.812377604838	-0.406188802419	0	0	0	-0.406188802419	0.812377604838	0.406188802419	0
0	0	0.406188802419	-0.812377604838	-0.406188802419	0	0	0	-0.406188802419	0.812377604838	0.406188802419	0
0	0	0.406188802419	-0.812377604838	-0.406188802419	0	0	0	-0.406188802419	0.812377604838	0.406188802419	0
0	0	0.406188802419	-0.812377604838	-0.406188802419	0	0	0	-0.406188802419	0.812377604838	0.406188802419	0
0	0	0.406188802419	-0.812377604838	-0.406188802419	0	0	0	-0.406188802419	0.812377604838	0.406188802419	0
0	0	0.406188802419	-0.812377604838	-0.406188802419	0	0	0	-0.406188802419	0.812377604838	0.406188802419	0
0	0	0.406188802419	-0.812377604838	-0.406188802419	0	0	0	-0.406188802419	0.812377604838	0.406188802419	0
0	0	0.406188802419	-0.812377604838	-0.406188802419	0	0	0	-0.406188802419	0.812377604838	0.406188802419	0
0	0	0.406188802419	-0.812377604838	-0.406188802419	0	0	0	-0.406188802419	0.812377604838	0.406188802419	0
0	0	0.406188802419	-0.812377604838	-0.406188802419	0	0	0	-0.406188802419	0.812377604838	0.406188802419	0
0	0	0.406188802419	-0.812377604838	-0.406188802419	0	0	0	-0.406188802419	0.812377604838	0.406188802419	0
0	0	0.406188802419	-0.812377604838	-0.406188802419	0	0	0	-0.406188802419	0.812377604838	0.406188802419	0
0	0	0.406188802419	-0.812377604838	-0.406188802419	0	0	0	-0.406188802419	0.812377604838	0.406188802419	0
0	0	0.406188802419	-0.812377604838	-0.406188802419	0	0	0	-0.406188802419	0.812377604838	0.406188802419	0
0	0	0.406188802419	-0.812377604838	-0.406188802419	0	0	0	-0.406188802419	0.812377604838	0.406188802419	0
0	0	0.406188802419	-0.812377604838	-0.406188802419	0	0	0	-0.406188802419	0.812377604838	0.406188802419	0
0	0	0.406188802419	-0.812377604838	-0.406188802419	0	0	0	-0.406188802419	0.812377604838	0.406188802419	0
0	0	0.406188802419	-0.812377604838	-0.406188802419	0	0	0	-0.406188802419	0.812377604838	0.406188802419	0
0	0	0.406188802419	-0.812377604838	-0.406188802419	0	0	0	-0.406188802419	0.812377604838	0.406188802419	0
0	0	0.406188802419	-0.812377604838	-0.406188802419	0	0	0	-0.406188802419	0.812377604838	0.406188802419	0
0	0	0.406188802419	-0.812377604838	-0.406188802419	0	0	0	-0.406188802419	0.812377604838	0.406188802419	0
0	0	0.406188802419	-0.812377604838	-0.406188802419	0	0	0	-0.406188802419	0.812377604838	0.406188802419	0
0	0	0.406188802419	-0.812377604838	-0.406188802419	0	0	0	-0.406188802419	0.812377604838	0.406188802419	0
0	0	0.406188802419	-0.812377604838	-0.406188802419	0	0	0	-0.406188802419	0.812377604838	0.406188802419	0
0	0	0.406188802419	-0.812377604838	-0.406188802419	0	0	0	-0.406188802419	0.812377604838	0.406188802419	0
0	0	0.406188802419	-0.812377604838	-0.406188802419	0	0	0	-0.406188802419	0.812377604838	0.406188802419	0
0	0	0.406188802419	-0.812377604838	-0.406188802419	0	0	0	-0.406188802419	0.812377604838	0.406188802419	0
0	0	0.406188802419	-0.812377604838	-0.406188802419	0	0	0	-0.406188802419	0.812377604838	0.406188802419	0
0	0	0.406188802419	-0.812377604838	-0.406188802419	0	0	0	-0.406188802419	0.812377604838	0.406188802419	0
0	0	0.406188802419	-0.812377604838	-0.406188802419	0	0	0	-0.406188802419	0.812377604838	0.406188802419	0
0	0	0.406188802419	-0.812377604838	-0.406188802419	0	0	0	-0.406188802419	0.812377604838	0.406188802419	0
0	0	0.406188802419	-0.812377604838	-0.406188802419	0	0	0	-0.406188802419	0.812377604838	0.406188802419	0
0	0	0.406188802419	-0.812377604838	-0.406188802419	0	0	0	-0.406188802419	0.812377604838	0.406188802419	0
0	0	0.406188802419	-0.812377604838	-0.406188802419	0	0	0	-0.406188802419	0.812377604838	0.406188802419	0
0	0	0.406188802419	-0.812377604838	-0.406188802419	0	0	0	-0.406188802419	0.812377604838	0.406188802419	0
0	0	0.406188802419	-0.812377604838	-0.406188802419	0	0	0	-0.406188802419	0.812377604838	0.406188802419	0
0	0	0.406188802419	-0.812377604838	-0.406188802419	0	0	0	-0.406188802419	0.812377604838	0.406188802419	0
0	0	0.406188802419	-0.812377604838	-0.406188802419	0	0	0	-0.406188802419	0.812377604838	0.406188802419	0
0	0	0.406188802419	-0.812377604838	-0.406188802419	0	0	0	-0.406188802419	0.812377604838	0.406188802419	0
0	0	0.406188802419	-0.812377604838	-0.406188802419	0	0	0	-0.406188802419	0.812377604838	0.406188802419	0
0	0	0.406188802419	-0.812377604838	-0.406188802419	0	0	0	-0.406188802419	0.812377604838	0.406188802419	0
0	0	0.406188802419	-0.812377604838	-0.406188802419	0	0	0	-0.406188802419	0.812377604838	0.406188802419	0
0	0	0.406188802419	-0.812377604838	-0.406188802419	0	0	0	-0.406188802419	0.812377604838	0.406188802419	0
0	0	0.406188802419	-0.812377604838	-0.406188802419	0	0	0	-0.406188802419	0.812377604838	0.406188802419	0
0	0	0.406188802419	-0.812377604838	-0.406188802419	0	0	0	-0.406188802419	0.812377604838	0.406188802419	0
0	0	0.406188802419	-0.812377604838	-0.406188802419	0	0	0	-0.406188802419	0.812377604838	0.406188802419	0
0	0	0.406188802419	-0.812377604838	-0.406188802419	0	0	0	-0.406188802419	0.812377604838	0.406188802419	0
0	0	0.406188802419	-0.812377604838	-0.406188802419	0	0	0	-0.406188802419	0.812377604838	0.406188802419	0
0	0	0.406188802419	-0.812377604838	-0.406188802419	0	0	0	-0.406188802419	0.812377604838	0.406188802419	0
0	0	0.406188802419	-0.812377604838	-0.406188802419	0	0	0	-0.406188802419	0.812377604838	0.406188802419	0
0	0	0.406188802419	-0.812377604838	-0.406188802419	0	0	0	-0.406188802419	0.812377604838	0.406188802419	0
0	0	0.406188802419	-0.812377604838	-0.406188802419	0	0	0	-0.406188802419	0.812377604838	0.406188802419	0
0	0	0.406188802419	-0.812377604838	-0.406188802419	0	0	0	-0.406188802419	0.812377604838	0.406188802419	0
0	0	0.406188802419	-0.812377604838	-0.406188802419	0	0	0	-0.406188802419	0.812377604838	0.406188802419	0
0	0	0.406188802419	-0.812377604838	-0.406188802419	0	0	0	-0.406188802419	0.812377604838	0.406188802419	0
0	0	0.406188802419	-0.812377604838	-0.406188802419	0	0	0	-0.406188802419	0.812377604838	0.406188802419	0
0	0	0.406188802419	-0.812377604838	-0.406188802419	0	0	0	-0.406188802419	0.812377604838	0.406188802419	0
0	0	0.406188802419	-0.812377604838	-0.406188802419	0	0	0	-0.406188802419	0.812377604838	0.406188802419	0
0	0	0.406188802419	-0.812377604838	-0.406188802419	0	0	0	-0.406188802419	0.812377604838	0.406188802419	0
0	0	0.406188802419	-0.812377604838	-0.406188802419	0	0	0	-0.406188802419	0.812377604838	0.406188802419	0
0	0	0.406188802419	-0.812377604838	-0.406188802419	0	0	0	-0.406188802419	0.812377604838	0.406188802419	0
0	0	0.406188802419	-0.812377604838	-0.406188802419	0	0	0	-0.406188802419	0.812377604838	0.406188802419	0
0	0	0.406188802419	-0.812377604838	-0.406188802419	0	0	0	-0.406188802419	0.812377604838	0.406188802419	0
0	0	0.406188802419	-0.812377604838	-0.406188802419	0	0	0	-0.406188802419	0.812377604838	0.406188802419	0
0	0	0.406188802419	-0.812377604838	-0.406188802419	0	0	0	-0.406188802419	0.812377604838	0.406188802419	0
0	0	0.406188802419	-0.812377604838	-0.406188802419	0	0	0	-0.406188802419	0.812377604838	0.406188802419	0
0	0	0.406188802419	-0.812377604838	-0.406188802419	0	0	0	-0.406188802419	0.812377604838	0.406188802419	0
0	0	0.406188802419	-0.812377604838	-0.406188802419	0	0	0	-0.406188802419	0.812377604838	0.406188802419	0
0	0	0.406188802419	-0.812377604838	-0.406188802419	0	0	0	-0.406188802419	0.812377604838	0.406188802419	0
0	0	0.406188802419	-0.812377604838	-0.406188802419	0	0	0	-0.406188802419	0.812377604838	0.406188802419	0
0	0	0.406188802419	-0.812377604838	-0.406188802419	0	0	0	-0.406188802419	0.812377604838	0.406188802419	0
0	0	0.406188802419	-0.812377604838	-0.406188802419	0	0	0	-0.406188802419	0.812377604838	0.406188802419	0
0	0	0.406188802419	-0.812377604838	-0.406188802419	0	0	0	-0.406188802419	0.812377604838	0.406188802419	0
0	0	0.406188802419	-0.812377604838	-0.406188802419	0	0	0	-0.406188802419	0.812377604838	0.406188802419	0
0	0	0.406188802419	-0.812377604838	-0.406188802419	0	0	0	-0.406188802419	0.812377604838	0.406188802419	0
0	0	0.406188802419	-0.812377604838	-0.406188802419	0	0	0	-0.406188802419	0.812377604838	0.406188802419	0
0	0	0.406188802419	-0.812377604838	-0.406188802419	0	0	0	-0.406188802419	0.812377604838	0.406188802419	0
0	0	0.406188802419	-0.812377604838	-0.406188802419	0	0	0	-0.406188802419	0.812377604838	0.406188802419	0
0	0	0.406188802419	-0.812377604838	-0.406188802419	0	0	0	-0.406188802419	0.812377604838	0.406188802419	0
0	0	0.406188802419	-0.812377604838	-0.406188802419	0	0	0	-0.406188802419	0.812377604838	0.406188802419	0
0	0	0.406188802419	-0.812377604838	-0.406188802419	0	0	0	-0.406188802419	0.812377604838	0.406188802419	0
0	0	0.406188802419	-0.812377604838	-0.406188802419	0	0	0	-0.406188802419	0.812377604838	0.406188802419	0
0	0	0.406188802419	-0.812377604838	-0.406188802419	0	0	0	-0.406188802419	0.812377604838	0.406188802419	0
0	0	0.406188802419	-0.812377604838	-0.406188802419	0	0	0	-0.406188802419	0.812377604838	0.406188802419	0
0	0	0.406188802419	-0.812377604838	-0.406188802419	0	0	0	-0.406188802419	0.812377604838	0.406188802419	0
0	0	0.406188802419	-0.812377604838	-0.406188802419	0	0	0	-0.406188802419	0.812377604838	0.406188802419	0
0	0	0.406188802419	-0.812377604838	-0.406188802419	0	0	0	-0.406188802419	0.812377604838	0.406188802419	0
0	0	0.406188802419	-0.812377604838	-0.406188802419	0	0	0	-0.406188802419	0.812377604838	0.406188802419	0
0	0	0.406188802419	-0.812377604838	-0.406188802419	0	0	0	-0.406188802419	0.812377604838	0.406188802419	0
0	0	0.406188802419	-0.812377604838	-0.406188802419	0	0	0	-0.406188802419	0.812377604838	0.406188802419	0
0	0	0.406188802419	-0.812377604838	-0.406188802419	0	0	0	-0.406188802419	0.812377604838	0.406188802419	0
0	0	0.406188802419	-0.812377604838	-0.406188802419	0	0	0	-0.406188802419	0.812377604838	0.406188802419	0
0	0	0.406188802419	-0.812377604838	-0.406188802419	0	0	0	-0.406188802419	0.812377604838	0.406188802419	0
0	0	0.406188802419	-0.812377604838	-0.406188802419	0	0	0	-0.406188802419	0.812377604838	0.406188802419	0
0	0	0.406188802419	-0.812377604838	-0.406188802419	0	0	0	-0.406188802419	0.812377604838	0.406188802419	0
0	0	0.406188802419	-0.812377604838	-0.406188802419	0	0	0	-0.406188802419	0.812377604838	0.406188802419	0
0	0	0.406188802419	-0.812377604838	-0.406188802419	0	0	0	-0.406188802419	0.812377604838	0.406188802419	0
0	0	0.406188802419	-0.812377604838	-0.406188802419	0	0	0	-0.406188802419	0.812377604838	0.406188802419	0
0	0	0.406188802419	-0.812377604838	-0.406188802419	0	0	0	-0.406188802419	0.812377604838	0.406188802419	0
0	0	0.406188802419	-0.812377604838	-0.406188802419	0	0	0	-0.406188802419	0.812377604838	0.406188802419	0
0	0	0.406188802419	-0.812377604838	-0.406188802419	0	0	0	-0.406188802419	0.812377604838	0.406188802419	0
0	0	0.406188802419	-0.812377604838	-0.406188802419	0	0	0	-0.406188802419	0.812377604838	0.406188802419	0
0	0	0.406188802419	-0.812377604838	-0.406188802419	0	0	0	-0.406188802419	0.812377604838	0.406188802419	0
0	0	0.406188802419	-0.812377604838	-0.406188802419	0	0	0	-0.406188802419	0.812377604838	0.406188802419	0
0	0	0.406188802419	-0.812377604838	-0.406188802419	0	0	0	-0.406188802419	0.812377604838	0.406188802419	0
0	0	0.406188802419	-0.812377604838	-0.406188802419	0	0	0	-0.406188802419	0.812377604838	0.406188802419	0
0	0	0.406188802419	-0.812377604838	-0.406188802419	0	0	0	-0.406188802419	0.812377604838	0.406188802419	0
0	0	0.406188802419	-0.812377604838	-0.406188802419	0	0	0	-0.406188802419	0.812377604838	0.406188802419	0
0	0	0.406188802419	-0.812377604838	-0.406188802419	0	0	0	-0.406188802419	0.812377604838	0.406188802419	0
0	0	0.406188802419	-0.812377604838	-0.406188802419	0	0	0	-0.406188802419	0.812377604838	0.406188802419	0
0	0	0.406188802419	-0.812377604838	-0.406188802419	0	0	0	-0.406188802419	0.812377604838	0.406188802419	0
0	0	0.406188802419	-0.812377604838	-0.406188802419	0	0	0	-0.406188802419	0.812377604838	0.406188802419	0
0	0	0.406188802419	-0.812377604838	-0.406188802419	0	0	0	-0.406188802419	0.812377604838	0.406188802419	0
0	0	0.406188802419	-0.812377604838	-0.406188802419	0	0	0	-0.406188802419	0.812377604838	0.406188802419	0
0	0	0.406188802419	-0.812377604838	-0.406188802419	0	0	0	-0.406188802419	0.812377604838	0.406188802419	0
0	0	0.406188802419	-0.812377604838	-0.406188802419	0	0	0	-0.406188802419	0.812377604838	0.406188802419	0
0	0	0.406188802419	-0.812377604838	-0.406188802419	0	0	0	-0.406188802419	0.812377604838	0.406188802419	0
0	0	0.406188802419	-0.812377604838	-0.406188802419	0	0	0	-0.406188802419	0.812377604838	0.406188802419	0
0	0	0.406188802419	-0.812377604838	-0.406188802419	0	0	0	-0.406188802419	0.812377604838	0.406188802419	0
0	0	0.406188802419	-0.812377604838	-0.406188802419	0	0	0	-0.406188802419	0.812377604838	0.406188802419	0
0	0	0.406188802419	-0.812377604838	-0.406188802419	0	0	0	-0.406188802419	0.812377604838	0.406188802419	0
0	0	0.406188802419	-0.812377604838	-0.406188802419	0	0	0	-0.406188802419	0.812377604838	0.406188802419	0
0	0	0.406188802419	-0.812377604838	-0.406188802419	0	0	0	-0.406188802419	0.812377604838	0.406188802419	0
0	0	0.406188802419	-0.812377604838	-0.406188802419	0	0	0	-0.406188802419	0.812377604838	0.406188802419	0
0	0	0.406188802419	-0.812377604838	-0.406188802419	0	0	0	-0.406188802419	0.812377604838	0.406188802419	0
0	0	0.406188802419	-0.812377604838	-0.406188802419	0	0	0	-0.406188802419	0.812377604838	0.406188802419	0
0	0	0.406188802419	-0.812377604838	-0.406188802419	0	0	0	-0.406188802419	0.812377604838	0.406188802419	0
0	0	0.406188802419	-0.812377604838	-0.406188802419	0	0	0	-0.406188802419	0.812377604838	0.406188802419	0
0	0	0.406188802419	-0.812377604838	-0.406188802419	0	0	0	-0.406188802419	0.812377604838	0.406188802419	0
0	0	0.406188802419	-0.812377604838	-0.406188802419	0	0	0	-0.406188802419	0.812377604838	0.406188802419	0
0	0	0.406188802419	-0.812377604838	-0.406188802419	0	0	0	-0.406188802419	0.812377604838	0.406188802419	0
0	0	0.406188802419	-0.812377604838	-0.406188802419	0	0	0	-0.406188802419	0.812377604838	0.406188802419	0
0	0	0.406188802419	-0.812377604838	-0.406188802419	0	0	0	-0.406188802419	0.812377604838	0.406188802419	0
0	0	0.406188802419	-0.812377604838	-0.406188802419	0	0	0	-0.406188802419	0.812377604838	0.406188802419	0
0	0	0.406188802419	-0.812377604838	-0.406188802419	0	0	0	-0.406188802419	0.812377604838	0.406188802419	0
0	0	0.406188802419	-0.812377604838	-0.406188802419	0	0	0	-0.406188802419	0.812377604838	0.406188802419	0
0	0	0.406188802419	-0.812377604838	-0.406188802419	0	0	0	-0.406188802419	0.812377604838	0.406188802419	0
0	0	0.406188802419	-0.812377604838	-0.406188802419	0	0	0	-0.406188802419	0.812377604838	0.406188802419	0
0	0	0.406188802419	-0.812377604838	-0.406188802419	0	0	0	-0.406188802419	0.812377604838	0.406188802419	0
0	0	0.406188802419	-0.812377604838	-0.406188802419	0	0	0	-0.406188802419	0.812377604838	0.406188802419	0
0	0	0.406188802419	-0.812377604838	-0.406188802419	0	0	0	-0.406188802419	0.812377604838	0.406188802419	0
0	0	0.406188802419	-0.812377604838	-0.406188802419	0	0	0	-0.406188802419	0.812377604838	0.406188802419	0
0	0	0.406188802419	-0.812377604838	-0.406188802419	0	0	0	-0.406188802419	0.812377604838	0.406188802419	0
0	0	0.406188802419	-0.812377604838	-0.406188802419	0	0	0	-0.406188802419	0.812377604838	0.406188802419	0
0	0	0.406188802419	-0.812377604838	-0.406188802419	0	0	0	-0.406188802419	0.812377604838	0.406188802419	0
0	0	0.406188802419	-0.812377604838	-0.406188802419	0	0	0	-0.406188802419	0.812377604838	0.406188802419	0
0	0	0.406188802419	-0.812377604838	-0.406188802419	0	0	0	-0.406188802419	0.812377604838	0.406188802419	0
0	0	0.406188802419	-0.812377604838	-0.406188802419	0	0	0	-0.406188802419	0.812377604838	0.406188802419	0
0	0	0.406188802419	-0.812377604838	-0.406188802419	0	0	0	-0.406188802419	0.812377604838	0.406188802419	0
0	0	0.406188802419	-0.812377604838	-0.406188802419	0	0	0	-0.406188802419	0.812377604838	0.406188802419	0
0	0	0.406188802419	-0.812377604838	-0.406188802419	0	0	0	-0.406188802419	0.812377604838	0.406188802419	0
0	0	0.406188802419	-0.812377604838	-0.406188802419	0	0	0	-0.406188802419	0.812377604838	0.406188802419	0
0	0	0.406188802419	-0.812377604838	-0.406188802419	0	0	0	-0.406188802419	0.812377604838	0.406188802419	0
0	0	0.406188802419	-0.812377604838	-0.406188802419	0	0	0	-0.406188802419	0.812377604838	0.406188802419	0
0	0	0.406188802419	-0.812377604838	-0.406188802419	0	0	0	-0.406188802419	0.812377604838	0.406188802419	0
0	0	0.406188802419	-0.812377604838	-0.406188802419	0	0	0	-0.406188802419	0.812377604838	0.406188802419	0
0	0	0.406188802419	-0.812377604838	-0.406188802419	0	0	0	-0.406188802419	0.812377604838	0.406188802419	0
0	0	0.406188802419	-0.812377604838	-0.406188802419	0	0	0	-0.406188802419	0.812377604838	0.406188802419	0
0	0	0.406188802419	-0.812377604838	-0.406188802419	0	0	0	-0.406188802419	0.812377604838	0.406188802419	0
0	0	0.406188802419	-0.812377604838	-0.406188802419	0	0	0	-0.406188802419	0.812377604838	0.406188802419	0
0	0	0.406188802419	-0.812377604838	-0.406188802419	0	0	0	-0.406188802419	0.812377604838	0.406188802419	0
0	0	0.406188802419	-0.812377604838	-0.406188802419	0	0	0	-0.406188802419	0.812377604838	0.406188802419	0
0	0	0.406188802419	-0.812377604838	-0.406188802419	0	0	0	-0.406188802419	0.812377604838	0.406188802419	0
0	0	0.406188802419	-0.812377604838	-0.406188802419	0	0	0	-0.406188802419	0.812377604838	0.406188802419	0
0	0	0.406188802419	-0.812377604838	-0.406188802419	0	0	0	-0.406188802419	0.812377604838	0.406188802419	0
0	0	0.406188802419	-0.812377604838	-0.406188802419	0	0	0	-0.406188802419	0.812377604838	0.406188802419	0
0	0	0.406188802419	-0.812377604838	-0.406188802419	0	0	0	-0.406188802419	0.812377604838	0.406188802419	0
0	0	0.406188802419	-0.812377604838	-0.406188802419	0	0	0	-0.406188802419	0.812377604838	0.406188802419	0
0	0	0.406188802419	-0.812377604838	-0.406188802419	0	0	0	-0.406188802419	0.812377604838	0.406188802419	0
0	0	0.406188802419	-0.812377604838	-0.406188802419	0	0	0	-0.406188802419	0.812377604838	0.406188802419	0
0	0	0.406188802419	-0.812377604838	-0.406188802419	0	0	0	-0.406188802419	0.812377604838	0.406188802419	0
0	0	0.406188802419	-0.812377604838	-0.406188802419	0	0	0	-0.406188802419	0.812377604838	0.406188802419	0
0	0	0.406188802419	-0.812377604838	-0.406188802419	0	0	0	-0.406188802419	0.812377604838	0.406188802419	0
0	0	0.406188802419	-0.812377604838	-0.406188802419	0	0	0	-0.406188802419	0.812377604838	0.406188802419	0
0	0	0.406188802419	-0.812377604838	-0.406188802419	0	0	0	-0.406188802419	0.812377604838	0.406188802419	0
0	0	0.406188802419	-0.812377604838	-0.406188802419	0	0	0	-0.406188802419	0.812377604838	0.406188802419	0
0	0	0.406188802419	-0.812377604838	-0.406188802419	0	0	0	-0.406188802419	0.812377604838	0.406188802419	0
0	0	0.406188802419	-0.812377604838	-0.406188802419	0	0	0	-0.406188802419	0.812377604838	0.406188802419	0
0	0	0.406188802419	-0.812377604838	-0.406188802419	0	0	0	-0.406188802419	0.812377604838	0.406188802419	0
0	0	0.406188802419	-0.812377604838	-0.406188802419	0	0	0	-0.406188802419	0.812377604838	0.406188802419	0
0	0	0.406188802419	-0.812377604838	-0.406188802419	0	0	0	-0.406188802419	0.812377604838	0.406188802419	0
0	0	0.406188802419	-0.812377604838	-0.406188802419	0	0	0	-0.406188802419	0.812377604838	0.406188802419	0
-5.38621545001384e-24 1.06074982549045e-07 0.309589868353876 -0.794305764289723 -0.484715895935847 1.06074982549045e-07 -5.38621545001384e-24 1.06074982549045e-07 -0.309589868353876 0.794305764289723 0.484715895935847 1.06074982549045e-07
-5.38621545001384e-24 1.06074982549045e-07 0.309589868353876 -0.794305764289723 -0.484715895935847 1.06074982549045e-07 -5.38621545001384e-24 1.06074982549045e-07 -0.309589868353876 0.794305764289723 0.484715895935847 1.06074982549045e-07
-5.38621545001384e-24 1.06074982549045e-07 0.309589868353876 -0.794305764289723 -0.484715895935847 1.06074982549045e-07 -5.38621545001384e-24 1.06074982549045e-07 -0.309589868353876 0.794305764289723 0.484715895935847 1.06074982549045e-07
-5.38621545001384e-24 1.06074982549045e-07 0.309589868353876 -0.794305764289723 -0.484715895935847 1.06074982549045e-07 -5.38621545001384e-24 1.06074982549045e-07 -0.309589868353876 0.794305764289723 0.484715895935847 1.06074982549045e-07
-5.38621545001384e-24 1.06074982549045e-07 0.309589868353876 -0.794305764289723 -0.484715895935847 1.06074982549045e-07 -5.38621545001384e-24 1.06074982549045e-07 -0.309589868353876 0.794305764289723 0.484715895935847 1.06074982549045e-07
-5.38621545001384e-24 1.06074982549045e-07 0.309589868353876 -0.794305764289723 -0.484715895935847 1.06074982549045e-07 -5.38621545001384e-24 1.06074982549045e-07 -0.309589868353876 0.794305764289723 0.484715895935847 1.06074982549045e-07
-5.38621545001384e-24 1.06074982549045e-07 0.309589868353876 -0.794305764289723 -0.484715895935847 1.06074982549045e-07 -5.38621545001384e-24 1.06074982549045e-07 -0.309589868353876 0.794305764289723 0.484715895935847 1.06074982549045e-07
-5.38621545001384e-24 1.06074982549045e-07 0.309589868353876 -0.794305764289723 -0.484715895935847 1.06074982549045e-07 -5.38621545001384e-24 1.06074982549045e-07 -0.309589868353876 0.794305764289723 0.484715895935847 1.06074982549045e-07
-5.38621545001384e-24 1.06074982549045e-07 0.309589868353876 -0.794305764289723 -0.484715895935847 1.06074982549045e-07 -5.38621545001384e-24 1.06074982549045e-07 -0.309589868353876 0.794305764289723 0.484715895935847 1.06074982549045e-07
-5.38621545001384e-24 1.06074982549045e-07 0.309589868353876 -0.794305764289723 -0.484715895935847 1.06074982549045e-07 -5.38621545001384e-24 1.06074982549045e-07 -0.309589868353876 0.794305764289723 0.484715895935847 1.06074982549045e-07
-5.38621545001384e-24 1.06074982549045e-07 0.309589868353876 -0.794305764289723 -0.484715895935847 1.06074982549045e-07 -5.38621545001384e-24 1.06074982549045e-07 -0.309589868353876 0.794305764289723 0.484715895935847 1.06074982549045e-07
-5.38621545001384e-24 1.06074982549045e-07 0.309589868353876 -0.794305764289723 -0.484715895935847 1.06074982549045e-07 -5.38621545001384e-24 1.06074982549045e-07 -0.309589868353876 0.794305764289723 0.484715895935847 1.06074982549045e-07
-5.38621545001384e-24 1.06074982549045e-07 0.309589868353876 -0.794305764289723 -0.484715895935847 1.06074982549045e-07 -5.38621545001384e-24 1.06074982549045e-07 -0.309589868353876 0.794305764289723 0.484715895935847 1.06074982549045e-07
-5.38621545001384e-24 1.06074982549045e-07 0.309589868353876 -0.794305764289723 -0.484715895935847 1.06074982549045e-07 -5.38621545001384e-24 1.06074982549045e-07 -0.309589868353876 0.794305764289723 0.484715895935847 1.06074982549045e-07
-5.38621545001384e-24 1.06074982549045e-07 0.309589868353876 -0.794305764289723 -0.484715895935847 1.06074982549045e-07 -5.38621545001384e-24 1.06074982549045e-07 -0.309589868353876 0.794305764289723 0.484715895935847 1.06074982549045e-07
-5.38621545001384e-24 1.06074982549045e-07 0.309589868353876 -0.794305764289723 -0.484715895935847 1.06074982549045e-07 -5.38621545001384e-24 1.06074982549045e-07 -0.309589868353876 0.794305764289723 0.484715895935847 1.06074982549045e-07
-5.38621545001384e-24 1.06074982549045e-07 0.309589868353876 -0.794305764289723 -0.484715895935847 1.06074982549045e-07 -5.38621545001384e-24 1.06074982549045e-07 -0.309589868353876 0.794305764289723 0.484715895935847 1.06074982549045e-07
-5.38621545001384e-24 1.06074982549045e-07 0.309589868353876 -0.794305764289723 -0.484715895935847 1.06074982549045e-07 -5.38621545001384e-24 1.06074982549045e-07 -0.309589868353876 0.794305764289723 0.484715895935847 1.06074982549045e-07
-5.38621545001384e-24 1.06074982549045e-07 0.309589868353876 -0.794305764289723 -0.484715895935847 1.06074982549045e-07 -5.38621545001384e-24 1.06074982549045e-07 -0.309589868353876 0.794305764289723 0.484715895935847 1.06074982549045e-07
-5.38621545001384e-24 1.06074982549045e-07 0.309589868353876 -0.794305764289723 -0.484715895935847 1.06074982549045e-07 -5.38621545001384e-24 1.06074982549045e-07 -0.309589868353876 0.794305764289723 0.484715895935847 1.06074982549045e-07
-5.38621545001384e-24 1.06074982549045e-07 0.309589868353876 -0.794305764289723 -0.484715895935847 1.06074982549045e-07 -5.38621545001384e-24 1.06074982549045e-07 -0.309589868353876 0.794305764289723 0.484715895935847 1.06074982549045e-07
-5.38621545001384e-24 1.06074982549045e-07 0.309589868353876 -0.794305764289723 -0.484715895935847 1.06074982549045e-07 -6.51336111680145e-24 2.17351595480244e-07 -0.310034681930134 0.79517591204266 0.485141230112526 2.17351595480244e-07
-5.38621545001384e-24 1.06074982549045e-07 0.309589868353876 -0.794305764289723 -0.484715895935847 1.06074982549045e-07 -1.7352509163741e-23 2.84390147302654e-07 -0.311337371593739 0.797720813096246 0.486383441502507 2.84390147302654e-07
-5.38621545001384e-24 1.06074982549045e-07 0.309589868353876 -0.794305764289723 -0.484715895935847 1.06074982549045e-07 -2.11230695758362e-23 3.59677170108112e-07 -0.313463219474985 0.801868176611834 0.488404957136848 3.59677170108112e-07
-5.38621545001384e-24 1.06074982549045e-07 0.309589868353876 -0.794305764289723 -0.484715895935847 1.06074982549045e-07 -2.53675778765473e-23 4.43439275171798e-07 -0.316320890556152 0.80743497172931 0.491114081173158 4.43439275171798e-07
-5.38621545001384e-24 1.06074982549045e-07 0.309589868353876 -0.794305764289723 -0.484715895935847 1.06074982549045e-07 1.53230828766489e-23 5.37410766416096e-07 -0.319860452874216 0.814318940590082 0.494458487715865 5.37410766416096e-07
-5.38621545001384e-24 1.06074982549045e-07 0.309589868353876 -0.794305764289723 -0.484715895935847 1.06074982549045e-07 1.02411118202464e-23 6.42852259221626e-07 -0.324020196250699 0.822394821297994 0.498374625047295 6.42852259221626e-07
-5.38621545001384e-24 1.06074982549045e-07 0.309589868353876 -0.794305764289723 -0.484715895935847 1.06074982549045e-07 1.12206816622263e-23 7.61177959507084e-07 -0.328739158633555 0.831538854638252 0.502799696004697 7.61177959507084e-07
-5.38621545001384e-24 1.06074982549045e-07 0.309589868353876 -0.794305764289723 -0.484715895935847 1.06074982549045e-07 -1.5602376103152e-23 8.93974863497145e-07 -0.333957895312232 0.841630326614359 0.507672431302127 8.93974863497145e-07
-5.38621545001384e-24 1.06074982549045e-07 0.309589868353876 -0.794305764289723 -0.484715895935847 1.06074982549045e-07 -1.50209698877667e-23 1.04302354564945e-06 -0.339619079117768 0.852552774002875 0.512933694885107 1.04302354564945e-06
-5.38621545001384e-24 1.06074982549045e-07 0.309589868353876 -0.794305764289723 -0.484715895935847 1.06074982549045e-07 -8.95554241635437e-23 1.21032140755999e-06 -0.345667947887266 0.864194884921938 0.518526937034672 1.21032140755999e-06
-5.38621545001384e-24 1.06074982549045e-07 0.309589868353876 -0.794305764289723 -0.484715895935847 1.06074982549045e-07 -1.01583024275694e-22 1.39810866277806e-06 -0.352052612276266 0.876451120573779 0.524398508297513 1.39810866277806e-06
-5.38621545001384e-24 1.06074982549045e-07 0.309589868353876 -0.794305764289723 -0.484715895935847 1.06074982549045e-07 -9.92179801517088e-23 1.60889737408497e-06 -0.358724241696886 0.889222093707896 0.53049785201101 1.60889737408497e-06
-5.38621545001384e-24 1.06074982549045e-07 0.309589868353876 -0.794305764289723 -0.484715895935847 1.06074982549045e-07 5.01399366122568e-23 1.84550388250199e-06 -0.365637148229909 0.902414743488883 0.536777595258974 1.84550388250199e-06
-5.38621545001384e-24 1.06074982549045e-07 0.309589868353876 -0.794305764289723 -0.484715895935847 1.06074982549045e-07 -9.82592138362624e-23 2.11108501179572e-06 -0.372748788436143 0.915942346603363 0.54319355816722 2.11108501179572e-06
-5.38621545001384e-24 1.06074982549045e-07 0.309589868353876 -0.794305764289723 -0.484715895935847 1.06074982549045e-07 -9.8154505733744e-23 2.40917847115464e-06 -0.380019701716205 0.929724401883716 0.549704700167511 2.40917847115464e-06
-5.38621545001384e-24 1.06074982549045e-07 0.309589868353876 -0.794305764289723 -0.484715895935847 1.06074982549045e-07 -8.04536726531913e-23 2.74374792569489e-06 -0.387413401792879 0.943686421571754 0.556273019778875 2.74374792569489e-06
-5.38621545001384e-24 1.06074982549045e-07 0.309589868353876 -0.794305764289723 -0.484715895935847 1.06074982549045e-07 -1.02648008767786e-22 3.11923324993749e-06 -0.394896235450225 0.957759657460103 0.562863422009878 3.1192332499375e-06
-5.38621545001384e-24 1.06074982549045e-07 0.309589868353876 -0.794305764289723 -0.484715895935847 1.06074982549045e-07 1.07570975688168e-22 3.5406065453395e-06 -0.402437220166593 0.971880785149831 0.569443564983239 3.5406065453395e-06
-5.38621545001384e-24 1.06074982549045e-07 0.309589868353876 -0.794305764289723 -0.484715895935847 1.06074982549045e-07 8.00651180698518e-23 4.0134345490963e-06 -0.410007869923909 0.985991564947329 0.57598369502342 4.0134345490963e-06
-5.38622337506768e-24 3.90456305342092e-06 0.309584398283501 -0.794303870847265 -0.484719472563764 3.90456305342092e-06 -2.86314346965119e-22 4.5439481463861e-06 -0.417582016374549 1.00003849371542 0.582456477340875 4.5439481463861e-06
-5.38622337506768e-24 3.90456305342092e-06 0.309584398283501 -0.794303870847265 -0.484719472563764 3.90456305342092e-06 -2.64331243591167e-23 5.1391197585887e-06 -0.425135630748672 1.01397245839089 0.588836827642219 5.1391197585887e-06
-5.38622337506768e-24 3.90456305342092e-06 0.309584398283501 -0.794303870847265 -0.484719472563764 3.90456305342092e-06 -2.17351001440399e-23 5.80674946917387e-06 -0.432646650395847 1.02774839889624 0.59510174850039 5.80674946917387e-06
-5.38622337506768e-24 3.90456305342092e-06 0.309584398283501 -0.794303870847265 -0.484719472563764 3.90456305342092e-06 1.73194374200514e-22 6.55556084325334e-06 -0.440094812655998 1.04132498577006 0.601230173114061 6.55556084325334e-06
-5.38622337506768e-24 3.90456305342092e-06 0.309584398283501 -0.794303870847265 -0.484719472563764 3.90456305342092e-06 1.24297771549639e-22 7.39530748799061e-06 -0.447461497813515 1.05466431595236 0.607202818138842 7.39530748799061e-06
-1.94778141639203e-22 7.40046132607278e-06 0.309579363852255 -0.794302128004446 -0.484722764152191 7.40046132607278e-06 -2.04758173775645e-22 8.33689152587648e-06 -0.454729582167328 1.06773162871348 0.61300204654615 8.33689152587648e-06
-1.94778141639203e-22 7.40046132607278e-06 0.309579363852255 -0.794302128004446 -0.484722764152191 7.40046132607278e-06 -3.92530831739105e-22 9.39249526300436e-06 -0.461883301710321 1.08049504263182 0.618611740921495 9.39249526300436e-06
-1.94778141639203e-22 7.40046132607278e-06 0.309579363852255 -0.794302128004446 -0.484722764152191 7.40046132607278e-06 -4.43410200454474e-22 1.057572748312e-05 -0.468908126518881 1.09292531373593 0.624017187217051 1.057572748312e-05
-1.94778141639203e-22 7.40046132607278e-06 0.309579363852255 -0.794302128004446 -0.484722764152191 7.40046132607278e-06 -1.78444877497742e-22 1.19017859414942e-05 -0.475790645676449 1.1049956143695 0.62920496869305 1.19017859414942e-05
-6.86950242628578e-22 1.18335438908711e-05 0.309572979710534 -0.794299917780251 -0.484726938069718 1.18335438908711e-05 -2.48917800599203e-22 1.33876378083837e-05 -0.482518462367567 1.11668133196026 0.63416286959269 1.33876378083837e-05
-6.86950242628578e-22 1.18335438908711e-05 0.309572979710534 -0.794299917780251 -0.484726938069718 1.18335438908711e-05 5.88434408199715e-22 1.50522199898855e-05 -0.489080098659446 1.12795988663386 0.63887978797441 1.50522199898855e-05
-6.86950242628578e-22 1.18335438908711e-05 0.309572979710534 -0.794299917780251 -0.484726938069718 1.18335438908711e-05 -5.71707803901019e-22 1.69166614725862e-05 -0.495464909419131 1.13881056647544 0.643345657056308 1.69166614725862e-05
-9.61124375665244e-22 1.67724572099779e-05 0.309565866978947 -0.794297455072601 -0.484731588093654 1.67724572099779e-05 -2.48561938983716e-22 1.90045300587233e-05 -0.50166300478213 1.14921437917865 0.647551374396518 1.90045300587233e-05
-9.61124375665244e-22 1.67724572099779e-05 0.309565866978947 -0.794297455072601 -0.484731588093654 1.67724572099779e-05 -1.55457203026542e-21 2.13421061220159e-05 -0.507665180582221 1.15915391881216 0.651488738229939 2.13421061220159e-05
-1.45366360456219e-21 2.1208753574915e-05 0.309559477945801 -0.794295242687876 -0.484735764742074 2.1208753574915e-05 -1.211017466431e-21 2.3958686298112e-05 -0.513462856163807 1.16861324646153 0.655150390297722 2.3958686298112e-05
-1.45366360456219e-21 2.1208753574915e-05 0.309559477945801 -0.794295242687876 -0.484735764742074 2.1208753574915e-05 -3.52281794500174e-22 2.68869203397441e-05 -0.519048019021528 1.17757778355671 0.658529764535184 2.68869203397441e-05
-6.33464743813536e-22 2.65716174059912e-05 0.309551754387447 -0.794292567994131 -0.484740813606684 2.65716174059912e-05 -1.12880620395034e-21 3.01631847254563e-05 -0.524413175742241 1.18603421676418 0.661621041021938 3.01631847254563e-05
-2.52041368992374e-22 3.00072812067912e-05 0.309546806224704 -0.794290854173199 -0.484744047948495 3.00072812067912e-05 2.80974719761734e-21 3.38279970017672e-05 -0.529551308758553 1.19397041340003 0.66441910464148 3.38279970017672e-05
2.84589364081223e-22 3.35895616600365e-05 0.30954164687469 -0.794289067162384 -0.484747420287694 3.35895616600365e-05 -5.67051792921668e-22 3.79264752847688e-05 -0.534455838458595 1.2013753464026 0.666919507944005 3.79264752847688e-05
2.84567686825646e-22 3.75655551643909e-05 0.30953592040906 -0.794287083592726 -0.484751163183667 3.75655551643909e-05 9.43716583504313e-22 4.25088478324215e-05 -0.53912059023182 1.20823902798589 0.669118437754073 4.25088478324215e-05
3.8148805946076e-23 4.20043342080327e-05 0.30952952731055 -0.794284868930872 -0.484755341620321 4.20043342080327e-05 8.4302438202472e-22 4.7631018161858e-05 -0.54353976606447 1.2145524511772 0.671012685112734 4.7631018161858e-05
3.815134096547e-23 4.69623610051931e-05 0.309522386220504 -0.794282394927194 -0.48476000870669 4.69623610051931e-05 -1.40296067421925e-21 5.33551917870152e-05 -0.54770792033004 1.22030753852108 0.672599618191038 5.33551917870152e-05
3.81723620378183e-23 5.25006365271293e-05 0.309514409233439 -0.794279631046892 -0.484765221813453 5.25006365271293e-05 1.16361628968262e-21 5.97505713509843e-05 -0.551619939449501 1.22549709730759 0.673877157858086 5.97505713509843e-05
-1.24245577991662e-22 5.86870941929888e-05 0.30950549844599 -0.794276543268327 -0.484771044822337 5.86870941929888e-05 2.14606667342123e-21 6.68941276919763e-05 -0.55527102512295 1.23011478075439 0.674843755631438 6.68941276919763e-05
2.59376739138932e-22 6.5597597469849e-05 0.309495544516473 -0.794273093577641 -0.484777549061168 6.5597597469849e-05 -2.14889513781167e-21 7.48714552458954e-05 -0.558656680858787 1.23415505463956 0.675498373780776 7.48714552458954e-05
-7.53032621397065e-22 7.33168866046247e-05 0.309484425296901 -0.794269239487026 -0.484784814190125 7.33168866046247e-05 -1.86468137505894e-21 8.3777721152105e-05 -0.561772701548811 1.23761316894583 0.675840467397019 8.3777721152105e-05
-2.74306142253842e-22 8.19396193969158e-05 0.309472004328479 -0.794264933503762 -0.484792929175282 8.19396193969158e-05 4.89993448001762e-21 9.37187185116233e-05 -0.564615165857861 1.24048513413646 0.675869968278595 9.37187185116233e-05
-1.63799393067329e-21 9.15715321049729e-05 0.309458129162645 -0.794260122536331 -0.484801993373686 9.15715321049729e-05 4.45018324547488e-21 0.000104812035458099 -0.567180431215106 1.24276770173962 0.67558727052451 0.000104812035458099
-2.23541002865267e-21 0.00010233073605187 0.309442629484941 -0.79425474722914 -0.484812117744199 0.00010233073605187 -1.11889535824482e-21 0.000117188353056431 -0.569465131211394 1.24445834897124 0.674993217759845 0.000117188353056431
-3.56975592210322e-21 0.000114349165966052 0.309425315018151 -0.794248741216899 -0.484823426198747 0.000114349165966052 -9.48467470827047e-22 0.000130992886573055 -0.571466175223198 1.24555526717721 0.67408909195401 0.000130992886573055
6.48178555408776e-21 0.000127774197830878 0.309405973178579 -0.794242030288638 -0.484836057110059 0.000127774197830878 -6.88600926427538e-21 0.000146386986367694 -0.573180750099283 1.24605735392431 0.672876603825027 0.000146386986367694
7.31396591135139e-21 0.000142770456080999 0.309384366456188 -0.794234531450035 -0.484850164993848 0.000142770456080999 -6.27515919279643e-21 0.000163549916571505 -0.574606323761423 1.2459642086163 0.671357884854874 0.000163549916571505
-4.24610868680902e-22 0.000159521832306878 0.30936022948588 -0.794226151871162 -0.484865922385283 0.000159521832306878 9.27091610977771e-21 0.000182680831873424 -0.575740650585807 1.24527613155706 0.669535480971255 0.000182680831873424
6.07191323031276e-21 0.00017823374022265 0.309333265773129 -0.794216787705076 -0.484883521931947 0.00017823374022265 -1.65612214574364e-20 0.00020400097515505 -0.57658177844717 1.2439941264278 0.667412347980627 0.00020400097515505
4.91193601480472e-21 0.000199135634548194 0.3093031440329 -0.79420632276063 -0.48490317872773 0.000199135634548194 1.56227543918342e-21 0.000227756121431076 -0.577128057323937 1.24211990618952 0.664991848865579 0.000227756121431076
4.91128760618566e-21 0.000222483824691382 0.309269494095639 -0.79419462701059 -0.484925132914951 0.000222483824691382 1.69830235071667e-20 0.000254219296606495 -0.577378149379329 1.23965590246684 0.662277753087511 0.000254219296606495
4.91221314210655e-21 0.000248564617734529 0.309231902328625 -0.794181554913455 -0.48494965258483 0.000248564617734529 1.39203571536989e-20 0.000283693803004585 -0.577331040451293 1.23660527851399 0.659274238062693 0.000283693803004585
4.91304072554471e-21 0.000277697829263996 0.309189906514568 -0.794166943524272 -0.484977037009703 0.000277697829263996 1.04938439641986e-20 0.000316516587482056 -0.576986052902957 1.23297194590977 0.655985893006812 0.000316516587482056
3.1074310527705e-21 0.000310240705093494 0.309142990122259 -0.794150610366158 -0.485007620243899 0.000310240705093494 1.24012457346325e-20 0.000353061992307376 -0.576342859805334 1.22876058517548 0.652417725370145 0.000353061992307376
-3.00384743903684e-21 0.000350227461140464 0.30908533043281 -0.794130516523483 -0.485045186090673 0.000350227461140464 1.23984595281508e-20 0.000393745933883506 -0.575401500445264 1.22397667055817 0.648575170112901 0.000393745933883506
1.85867304953366e-20 0.000391295339725252 0.309026105376676 -0.794109865781672 -0.485083760404995 0.000391295339725252 -1.89272709804075e-20 0.000439030559931854 -0.574162397174089 1.21862649927235 0.644464102098258 0.000439030559931854
2.0664940443052e-20 0.000437133691447483 0.308959989732173 -0.794086792973188 -0.485126803241014 0.000437133691447483 -1.46289714812069e-20 0.000489429441988174 -0.572626373636033 1.21271722554574 0.64009085190971 0.000489429441988174
1.75606727709564e-20 0.000488336465866355 0.30888612283117 -0.794060990696636 -0.485174867865466 0.000488336465866355 -3.93870560265228e-20 0.000545513367112491 -0.570794674439878 1.20625689986946 0.635462225429577 0.000545513367112491
2.07427387484693e-20 0.000545531854494352 0.308803593554942 -0.794032132062831 -0.485228538507889 0.000545531854494352 1.62887527968968e-20 0.000607916800664251 -0.56866898636273 1.19925451391016 0.63058552754743 0.000607916800664251
2.18439568689184e-20 0.00060942121745903 0.308711383813225 -0.793999850306151 -0.485288466492926 0.00060942121745903 2.58987602205885e-20 0.000677345100985949 -0.566251461200294 1.1917200516011 0.625468590400809 0.000677345100985949
2.14819562057968e-20 0.000680787995998987 0.308608355309316 -0.793963733492075 -0.48535537818276 0.000680787995998987 6.24715607383644e-23 0.00075458257701132 -0.563544740403556 1.18366454698981 0.620119806586249 0.00075458257701132
2.18783457569978e-20 0.000760507322300406 0.308493235204367 -0.793923318671926 -0.485430083467559 0.000760507322300406 2.09176456494671e-20 0.000840501491320727 -0.560551981666463 1.17510014948262 0.614548167816153 0.000840501491320727
2.59251545956249e-20 0.000849556750509454 0.308364600043922 -0.793878085217053 -0.485513485173131 0.000849556750509454 5.54100708884157e-20 0.000936072124205923 -0.557276887652102 1.16604019718851 0.608763309536408 0.000936072124205923
-8.19810427980101e-20 0.000949028243534918 0.308220857722266 -0.79382744720027 -0.485606589478004 0.000949028243534918 4.07517396335601e-20 0.00104237402908707 -0.553723737064949 1.15649929912526 0.602775562060316 0.00104237402908707
-8.19845109739628e-20 0.00106014156260937 0.308060227234743 -0.793770744670126 -0.485710517435383 0.00106014156260937 5.35860721316333e-20 0.00116060862639178 -0.549897418292094 1.14649342710791 0.596596008815814 0.00116060862639178
-1.03270175911552e-19 0.00118425922372456 0.307880715934097 -0.793707233634835 -0.485826517700737 0.00118425922372456 1.31937524130684e-19 0.00129211330204413 -0.54580346584512 1.13604001818861 0.590236552343487 0.00129211330204413
-9.80193530645013e-20 0.00132290320425291 0.307680093967387 -0.7936360745379 -0.485955980570513 0.00132290320425291 1.38956166567409e-19 0.00143837719835388 -0.54144809983335 1.12515808855447 0.583709988721124 0.00143837719835388
2.17987445502406e-20 0.00147777360447398 0.307455865524383 -0.793556318965269 -0.486100453440886 0.00147777360447398 -3.62561018548276e-20 0.00160105890969361 -0.536838268684969 1.11386835980854 0.577030091123567 0.00160105890969361
1.21697591680036e-19 0.00165076949265922 0.30720523647549 -0.793466894272506 -0.486261657797016 0.00165076949265922 -7.28320417769732e-20 0.00178200632337729 -0.531981695300044 1.10219339855071 0.570211703250665 0.00178200632337729
-5.37800023708096e-20 0.00184401218905647 0.306925077915649 -0.793366585757895 -0.486441507842246 0.00184401218905647 -9.20781833369398e-20 0.00198327887806356 -0.526886926762479 1.09015777012895 0.563270843366472 0.00198327887806356
-3.31552096641747e-20 0.0020598712739253 0.306611885059046 -0.793254015930967 -0.486642130871921 0.0020598712739253 6.87335840883695e-20 0.00220717254841365 -0.521563387648282 1.07778820733063 0.556224819682351 0.00220717254841366
-4.78844022354515e-22 0.00230099363802633 0.306261730845426 -0.793127620332241 -0.486865889486814 0.00230099363802633 -4.30337609482134e-20 0.00245624790628297 -0.516021436834739 1.06511379461169 0.549092357776951 0.00245624790628297
-1.63100247466896e-20 0.00257033593107676 0.305870213520441 -0.792985619245127 -0.487115405724686 0.00257033593107676 -7.57761644119087e-20 0.00273336165620252 -0.510272427526127 1.05216616819169 0.541893740665567 0.00273336165620252
-4.81855056986274e-20 0.00287120080506459 0.305432397336539 -0.792825984499572 -0.487393587163033 0.00287120080506459 -6.05720836803425e-20 0.00304170209720069 -0.504328769950189 1.03897973194598 0.534650961995788 0.00304170209720069
-6.34280288044337e-20 0.00320727739544882 0.304942745384028 -0.79264640039293 -0.487703655008902 0.00320727739544882 -2.47403348396873e-19 0.00338482902516386 -0.498203995825224 1.02559188846331 0.527387892638083 0.00338482902516386
-9.60000492371728e-22 0.00358609929676672 0.304390028306932 -0.792442302893039 -0.488052274586106 0.00358609929676672 1.61212386955003e-19 0.00376671866115937 -0.491912823226449 1.01204328386317 0.520130460636722 0.00376671866115936
-2.46662270534945e-20 0.00400584681983119 0.303776692930523 -0.792214229350192 -0.488437536419669 0.00400584681983119 -2.46498674939103e-19 0.00419181427279982 -0.485471219862848 0.99837806392574 0.512906844062892 0.00419181427279982
-1.22588414722186e-21 0.00447471526218527 0.303090419735085 -0.791956993511623 -0.488866573776538 0.00447471526218527 -2.68694146986757e-19 0.00466508324949452 -0.478896461979211 0.984644137716712 0.505747675737501 0.00466508324949452
-3.33114002369571e-20 0.004998456336429 0.302322379467966 -0.791666565573335 -0.489344186105369 0.004998456336429 -2.33915749552408e-19 0.00519208150013528 -0.472207185085175 0.970893443118616 0.498686258033441 0.00519208150013528
-1.89607821782779e-20 0.00558349125631551 0.301462643125202 -0.791338292851061 -0.489875649725859 0.00558349125631551 -2.00323847837925e-19 0.00577902616562401 -0.465423421445324 0.957182206435995 0.491758784990671 0.00577902616562401
1.03067971047809e-19 0.006236992389875 0.300500030401359 -0.790966786456779 -0.49046675605542 0.006236992389875 -3.3390373832904e-20 0.00643287778116721 -0.45856661770398 0.943571185454186 0.485004567750206 0.00643287778116721
-3.45255317726898e-20 0.00696697103309422 0.299421941009807 -0.790545787060717 -0.49112384605091 0.00696697103309422 -5.44974144201382e-20 0.00716143318738125 -0.451659624134384 0.930125881942815 0.478466257808431 0.00716143318738125
-2.6667435101389e-20 0.00778237539683161 0.298214160703852 -0.790068002783624 -0.491853842079772 0.00778237539683161 2.03535932880453e-19 0.00797343067832923 -0.444726644777881 0.916916705578097 0.472190060800216 0.00797343067832923
1.60110333500798e-20 0.00869319998358968 0.29686063762636 -0.789524912831753 -0.492664275205393 0.00869319998358968 9.6418834882629e-20 0.00887866909254078 -0.437793135183359 0.904019066635552 0.466225931452193 0.00887866909254078
-2.7797827500778e-19 0.00971060765639152 0.29534322374583 -0.788906528917375 -0.493563305171546 0.00971060765639152 9.60523746418666e-20 0.00988814280428659 -0.430885631619009 0.891513369678975 0.460627738059966 0.00988814280428659
-3.3243562081488e-19 0.0108470658422959 0.29364137506229 -0.788201104523813 -0.494559729461523 0.0108470658422959 -7.56078259817376e-20 0.0110141948619386 -0.424031492612103 0.879484875056185 0.455453382444083 0.0110141948619386
-5.44320915726136e-19 0.01211649846505 0.291731802939617 -0.787394779561575 -0.495662976621957 0.01211649846505 -2.97808729130277e-19 0.0122706908538628 -0.417258530656428 0.868023389667029 0.450764859010601 0.0122706908538628
-6.32707559695021e-19 0.0135344553644776 0.289588067274007 -0.786471144767514 -0.496883077493507 0.0135344553644776 7.08053642907829e-19 0.0136732164662747 -0.410594509176672 0.857222743724474 0.446628234547802 0.0136732164662747
4.47187864743893e-19 0.0151183011331821 0.287180100151953 -0.785410706118456 -0.498230605966504 0.0151183011331821 -6.50246406452844e-19 0.015239302138801 -0.404066477710715 0.847180006793351 0.443113529082636 0.015239302138801
3.62305955281074e-19 0.0168874254815093 0.284473646066486 -0.784190224291159 -0.499716578224673 0.0168874254815093 3.45320886088126e-20 0.0169886787294756 -0.39769991719576 0.83799439511139 0.44029447791563 0.0169886787294756
-3.40282812768556e-19 0.0188634774253411 0.281429601486096 -0.782781897430714 -0.501352295944618 0.0188634774253411 -2.61840076061307e-19 0.0189435686790821 -0.39151766768245 0.829765823968016 0.438248156285566 0.0189435686790821
-4.66862135934851e-19 0.0210706257715639 0.278003232385313 -0.781152346678986 -0.503149114293673 0.0210706257715639 -2.95419252048581e-19 0.0211290178222529 -0.385538613156966 0.822593064499425 0.437054451342459 0.0211290178222529
2.69992958982875e-19 0.0235358485429267 0.274143242938681 -0.779261352349809 -0.505118109411128 0.0235358485429267 -4.07519298592003e-19 0.0235732737353551 -0.379776102644855 0.816571474018337 0.436795371373482 0.0235732737353551
2.55701351989505e-19 0.0262892541224923 0.269790661506256 -0.777060273304082 -0.507269611797826 0.0262892541224923 -5.10365063040784e-19 0.026308217341989 -0.374236093280336 0.811790282568413 0.437554189288077 0.026308217341989
-1.66966066165651e-18 0.02936443698614 0.264877500649612 -0.774490061506572 -0.50961256085696 0.02936443698614 -5.23925240419273e-19 0.029369855413823 -0.368915008925359 0.808329434336989 0.439414425411631 0.029369855413823
-1.81513376255149e-18 0.0327957996567898 0.259330379998295 -0.771482051301374 -0.512151671303079 0.0327957996567898 -1.30078030721134e-18 0.0328018486484337 -0.36419589103146 0.807112586980422 0.442916695948962 0.0328018486484337
2.3274913838676e-19 0.0365383441124595 0.253201187863126 -0.768030395554579 -0.514829207691453 0.0365383441124595 1.01638092943484e-18 0.036548447962628 -0.358968048346594 0.805627811890105 0.446659763543512 0.036548447962628
4.97865373607018e-21 0.0405517295074941 0.246535457216054 -0.764127575673716 -0.517592118457662 0.0405517295074941 9.6178629038383e-19 0.0405625684450051 -0.353278863281285 0.803855618237712 0.450576754956427 0.0405625684450051
-6.29394993841427e-19 0.0447918774990886 0.239387679636913 -0.759775556582103 -0.52038787694519 0.0447918774990886 -2.67847333411825e-18 0.0448034924097325 -0.347168944894818 0.801778133945393 0.454609189050575 0.0448034924097325
-1.18791955455588e-18 0.0492208691828639 0.231804246733054 -0.754974850539025 -0.523170603805971 0.0492208691828639 3.020035495336e-19 0.0492332938550852 -0.340677504750294 0.799381347144704 0.45870384239441 0.0492332938550852
-3.00145351465191e-18 0.0538031265597951 0.223830173921241 -0.749729093660381 -0.52589891973914 0.0538031265597951 -9.48560904458856e-19 0.0538163881184066 -0.333843125532446 0.796655614516861 0.462812488984414 0.0538163881184066
-2.99535890621233e-18 0.0585049922380823 0.215509931087184 -0.744045782176377 -0.528535851089193 0.0585049922380823 -1.08918169444376e-18 0.0585191115054606 -0.326704446685024 0.793596081143804 0.466891634458779 0.0585191115054606
-2.51686938536786e-19 0.0632943335787172 0.20688822735549 -0.737936973763978 -0.531048746408489 0.0632943335787172 3.27736842212276e-18 0.0633093253682997 -0.31930079720189 0.790203057657538 0.470902260455648 0.0633093253682997
2.87009126885915e-20 0.0681401660743667 0.198010777410792 -0.731419997207253 -0.533409219796461 0.0681401660743667 2.81324514969974e-18 0.0681560394202577 -0.311672800211266 0.786482390362046 0.47480959015078 0.0681560394202577
3.94443041669732e-19 0.0730122909992519 0.188925072848911 -0.724518205985349 -0.535593133136438 0.0730122909992519 3.24548199333199e-18 0.07302904932477 -0.30386296951442 0.782445851753391 0.47858288223897 0.07302904932477
-2.76324871471062e-18 0.0778809425444125 0.179681178732835 -0.717261804922374 -0.537580626189539 0.0778809425444125 3.42888702806835e-18 0.0778985837714808 -0.295916314500985 0.778111571877576 0.482195257376591 0.0778985837714808
-2.5554518882109e-18 0.0827164397546989 0.170332572519663 -0.709688772977276 -0.539356200457613 0.0827164397546989 1.91455662796351e-18 0.0827349563550527 -0.287880966589058 0.773504524662817 0.485623558073759 0.0827349563550527
-9.48842640750561e-19 0.0874888386080768 0.16093703940357 -0.701845898745577 -0.540908859342007 0.0874888386080768 4.47043358329396e-18 0.0875082175963346 -0.279808837250436 0.768657077160257 0.488848239909821 0.0875082175963346
7.30615118419203e-19 0.0921675795210934 0.151557634403661 -0.693789937283756 -0.542232302880096 0.0921675795210934 4.62374224123882e-18 0.0921878023887708 -0.271756314485981 0.763609602914576 0.491853288428595 0.0921878023887708
-6.61075851534204e-19 0.0967211254226227 0.142263716632158 -0.685588886245351 -0.543325169613194 0.0967211254226227 1.64045409852618e-18 0.096742168011148 -0.26378500099857 0.758411152807419 0.494626151808849 0.096742168011148
-2.32859661800901e-18 0.101116585306128 0.13313205440726 -0.677323364589355 -0.544191310182095 0.101116585306128 -1.0879984400822e-18 0.101138417615803 -0.255962492930294 0.753120166961226 0.497157674030932 0.101138417615803
-2.5925135251508e-18 0.105319317842401 0.124247990417788 -0.669088056615126 -0.544840066197338 0.105319317842401 -1.09415040164352e-18 0.105341903773028 -0.248363192527326 0.747805198903242 0.499442006375916 0.105341903773028
5.25903442502571e-18 0.109292509202735 0.115706643140126 -0.6609931560052 -0.545286512865075 0.109292509202735 -1.00485013928555e-18 0.109315806220225 -0.241069141110159 0.742545607408433 0.501476466298275 0.109315806220225
3.89750916717172e-18 0.112996718698724 0.107614103378172 -0.653165707295978 -0.545551603917806 0.112996718698724 -1.06380518771096e-18 0.113017356967965 -0.234177463750947 0.737437658018057 0.50326019426711 0.113017356967965
3.80995522902961e-18 0.116386343872319 0.100095809482979 -0.645758423787576 -0.545662614304597 0.116386343872319 -1.08994707861888e-18 0.11640758962877 -0.227780894837372 0.732578230139793 0.50479733530242 0.11640758962877
3.88341842159894e-18 0.119418503748707 0.093268094813484 -0.638920167125628 -0.545652072312144 0.119418503748707 -7.41969680001836e-19 0.119440314485419 -0.22198906742139 0.728081649796391 0.506092582375001 0.119440314485419
-1.58236540040302e-18 0.122153251575461 0.0876484253946161 -0.633748660985226 -0.546100235590609 0.122153251575461 -6.60102167149565e-19 0.122153393332908 -0.216750824036217 0.723937090168882 0.507186266132666 0.122153393332908
-7.05367503849513e-18 0.124646562023264 0.0837211089979326 -0.631273815569172 -0.547552706571239 0.124646562023264 -5.93366178327134e-19 0.124580653031312 -0.212018128033102 0.720129910514889 0.508111782481787 0.124580653031312
2.47138219937118e-18 0.126928164845257 0.0813812653355068 -0.631355566737888 -0.549974301402382 0.126928164845257 -6.63588909613846e-18 0.126752317945159 -0.207746141388079 0.716642934926005 0.508896793537926 0.126752317945159
1.46494086698843e-18 0.129024064806233 0.0805144953525542 -0.633825659999528 -0.553311164646973 0.129024064806233 -2.43367124878236e-19 0.128695396211112 -0.203893221371137 0.713457444342289 0.509564222971152 0.128695396211112
1.36193518613162e-18 0.130957026928822 0.0810003111666385 -0.638495709257576 -0.557495398090937 0.130957026928822 -3.18799853238139e-18 0.130434024533924 -0.200420858144697 0.710553938273668 0.510133080128971 0.130434024533924
-1.23448614699767e-17 0.132746975328024 0.0827152070302952 -0.645164374228925 -0.56244916719863 0.132746975328024 -3.22173717142989e-18 0.13198977583415 -0.197293570274589 0.707912711982335 0.510619141707746 0.13198977583415
-9.37943207970359e-18 0.134411339283302 0.08553566719109 -0.653624268264064 -0.568088601072974 0.134411339283302 9.49393375330119e-19 0.133381933685405 -0.194478771252374 0.705514286302161 0.511035515049786 0.133381933685405
-9.37132143637634e-18 0.135965354005944 0.0893408465718601 -0.663668090136764 -0.574327243564904 0.135965354005944 9.25337341628424e-19 0.134627737102016 -0.191946617127451 0.703339720331817 0.511393103204366 0.134627737102016
-9.39396687432395e-18 0.137422322438508 0.0940147575086395 -0.675093664556544 -0.581078907047904 0.137422322438508 4.51256697944866e-18 0.135742598880411 -0.189669843008019 0.701370831586999 0.51170098857898 0.135742598880411
-9.51887144438931e-18 0.138793843495768 0.0994478930134386 -0.687707767729127 -0.588259874715688 0.138793843495768 -1.51293668579788e-18 0.136740300365241 -0.187623594353013 0.699590343573288 0.511966749220275 0.136740300365241
1.63191434042261e-18 0.140090011369985 0.105538295686582 -0.701328769185512 -0.59579047349893 0.140090011369985 -1.46248282911833e-18 0.137633165206428 -0.18578525752732 0.697981976947044 0.512196719419724 0.137633165206428
-9.98069390766236e-19 0.141319589855941 0.112192133969352 -0.715788224206537 -0.603596090237185 0.141319589855941 1.25712468511548e-18 0.138432214396673 -0.184134292945716 0.696530497314581 0.512396204368865 0.138432214396673
-4.74895229793655e-18 0.14249016508477 0.119323874620474 -0.730931603860044 -0.611607729239569 0.14249016508477 7.90231796992225e-18 0.139147304629366 -0.182652073223221 0.695221730158976 0.512569656935755 0.139147304629366
-4.84737165395596e-18 0.143608279574756 0.126856147493256 -0.746618362633638 -0.619762215140382 0.143608279574756 -3.53695345904338e-18 0.139787251793056 -0.181321728033135 0.69404255128293 0.512720823249795 0.139787251793056
4.58022388436761e-18 0.144679550098657 0.134719392671113 -0.762721530416625 -0.628002137745512 0.144679550098657 -4.35602498462591e-19 0.140359941218484 -0.18012799681073 0.692980859435946 0.512852862625216 0.140359941218484
4.68753027870553e-18 0.145708771519518 0.14285136691642 -0.779126988377881 -0.636275621461461 0.145708771519518 -4.15195666794738e-19 0.140872426115775 -0.179057090000922 0.692025536389976 0.512968446389053 0.140872426115775
1.53797614484483e-18 0.146700008450755 0.151196570764443 -0.795732556196575 -0.644535985432131 0.146700008450755 -3.37965345961885e-19 0.141331015480542 -0.178096559208688 0.69116639858591 0.513069839377222 0.141331015480542
1.54357189187941e-18 0.147656676343343 0.159705642346865 -0.812446986896549 -0.652741344549683 0.147656676343343 -4.17729353397957e-18 0.141741352606442 -0.177235176351365 0.690394143548162 0.513158967196798 0.141741352606442
9.54998047384142e-18 0.148581613386477 0.168334750691035 -0.829188938255274 -0.660854187564239 0.148581613386477 -4.1981725049078e-18 0.14210848521622 -0.176462821717695 0.689700293519153 0.513237471801458 0.14210848521622
-3.40399710238929e-18 0.149477144422253 0.177045010392851 -0.845885967550147 -0.668840957157296 0.149477144422253 -4.24216731449378e-18 0.14243397054987 -0.175776657452422 0.689082838484687 0.513306181032265 0.14243397054987
-7.44913703272984e-19 0.150345137915061 0.185801931212237 -0.862473579271088 -0.676671648058851 0.150345137915061 1.71967633169705e-18 0.142725116177439 -0.175161555661846 0.688528503090041 0.513366947428195 0.142725116177439
5.94978997944595e-18 0.151187056878288 0.194574910005243 -0.878894342786135 -0.684319432780892 0.151187056878288 1.7413774877788e-18 0.142985500452607 -0.174610200928345 0.688030998607218 0.513420797678873 0.142985500452607
4.17409844307128e-19 0.152004004541506 0.203336768089334 -0.895097087992638 -0.691760319903305 0.152004004541506 -4.36082707998064e-18 0.143218322909789 -0.17411601491039 0.687584633268759 0.513468618358368 0.143218322909789
-5.17184440030358e-18 0.152796765437457 0.212063334234749 -0.911036180905327 -0.698972846670578 0.152796765437457 -4.36572966706206e-18 0.14342644381315 -0.173673084395674 0.68718426200768 0.513511177612005 0.14342644381315
-5.07469876444163e-18 0.153565842497754 0.220733071626573 -0.926670877199564 -0.705937805572991 0.153565842497754 -4.37669675621343e-18 0.143612419484134 -0.173276095817507 0.686825239107015 0.513549143289508 0.143612419484134
-4.92758041311575e-18 0.154311490667155 0.229326746053614 -0.941964749347308 -0.712638003293694 0.154311490667155 -4.36796758517488e-18 0.143778533852469 -0.172920275757037 0.68650337390841 0.513583098151372 0.143778533852469
-4.882318308891e-18 0.155033747476936 0.237827132021186 -0.95688518168878 -0.719058049667594 0.155033747476936 -4.37086337163317e-18 0.143926826627104 -0.172601336965464 0.686214889628154 0.51361355266269 0.143926826627104
4.35852843846444e-18 0.15573246095696 0.246218753282067 -0.971402927224432 -0.725184173942366 0.15573246095696 1.34153675585972e-18 0.144059118440251 -0.172315429457919 0.685956385254318 0.513640955796399 0.144059118440251
4.43960026297459e-18 0.156407315212199 0.254487654306772 -0.985491719833503 -0.731004065526731 0.156407315212199 1.34288519842212e-18 0.144177033279091 -0.172059096251843 0.685724800444678 0.513665704192835 0.144177033279091
5.86451524563322e-18 0.157057853941938 0.262621199381855 -0.999127935846058 -0.736506736464203 0.157057853941938 2.36851805465986e-18 0.144282018485284 -0.171829233346679 0.685517383307673 0.513688149960995 0.144282018485284
-4.71179433917449e-18 0.157683502137699 0.270607896270641 -1.0122902992885 -0.741682403017858 0.157683502137699 2.37251971718642e-18 0.144375362571562 -0.17162305356661 0.685331660923503 0.513708607356893 0.144375362571562
2.92910789108969e-18 0.158283586158482 0.278437241653726 -1.02495962560359 -0.746522383949864 0.158283586158482 2.36938494720327e-18 0.14445821107719 -0.171438053913866 0.685165412447432 0.513727358533566 0.14445821107719
3.00235750959406e-18 0.158857352348627 0.286099585858854 -1.03711859915877 -0.751019013299919 0.158857352348627 -2.89241878798277e-18 0.144531580659344 -0.171271986105415 0.685016644629442 0.513744658524027 0.144531580659344
3.02913989848534e-18 0.159403984334027 0.293586014674951 -1.04875158036619 -0.755165565691235 0.159403984334027 1.39047886889644e-19 0.144596371595347 -0.171122829990737 0.684883569582156 0.513760739591419 0.144596371595347
6.38141822396951e-18 0.159922619106123 0.300888246312811 -1.05984443872294 -0.758956192410133 0.159922619106123 1.40441305296896e-19 0.144653378850765 -0.170988769572199 0.68476458463072 0.513775815058521 0.144653378850765
1.44247837656926e-17 0.160412361979822 0.307998541819853 -1.0703844085295 -0.762385866709649 0.160412361979822 1.38372368414903e-19 0.144703301850467 -0.17086817137212 0.684658254083097 0.513790082710977 0.144703301850467
1.45313501705179e-17 0.160872300490938 0.314909627476464 -1.08035996445209 -0.765450336975622 0.160872300490938 1.36983806871177e-19 0.144746753073581 -0.170759564912013 0.684563292765985 0.513803727853972 0.144746753073581
-1.72788314374885e-18 0.161301517280619 0.32161462789613 -1.08976071446097 -0.768146086564839 0.161301517280619 1.62568826789377e-18 0.144784265578606 -0.170661625089262 0.684478551179726 0.513816926090463 0.144784265578606
6.911505102149e-18 0.161699101998553 0.328107008721906 -1.09857730800101 -0.770470299279108 0.161699101998553 1.62542729700732e-18 0.144816299551682 -0.170573156254943 0.68440300213449 0.513829845879547 0.144816299551682
-5.58864722700112e-18 0.162064162243065 0.334380527959396 -1.10680135753718 -0.772420829577783 0.162064162243065 1.62767887312236e-18 0.144840798191209 -0.170500361793762 0.6843418537674 0.513841491973638 0.144840798191209
-7.53295353922561e-18 0.162395833544633 0.340429195113244 -1.11442537186894 -0.7739961767557 0.162395833544633 1.62895823428919e-18 0.144860974095382 -0.170434305258168 0.684287485477048 0.513853180218881 0.144860974095382
-3.45196087200872e-18 0.162693288389644 0.346247237402252 -1.12144269982751 -0.775195462425259 0.162693288389644 2.45633751274705e-18 0.144877074751505 -0.170374178955495 0.684239235790388 0.513865056834893 0.144877074751505
-1.02445933602244e-17 0.162955744273141 0.351829072419899 -1.12784748316204 -0.776018410742145 0.162955744273141 2.45730623914132e-18 0.144889297655198 -0.170319247411286 0.68419651714608 0.513877269734794 0.144889297655198
-3.87601145905295e-18 0.163182470762983 0.357169286684101 -1.13363461758947 -0.776465330905364 0.163182470762983 2.45772660191652e-18 0.144897792735145 -0.170268838439792 0.68415880889024 0.513889970450448 0.144897792735145
-6.50423788204137e-18 0.163372795552864 0.362262619584858 -1.13879972113008 -0.776537101545227 0.163372795552864 2.45906726987163e-18 0.144902664193776 -0.170222334970436 0.684125651047766 0.51390331607733 0.144902664193776
-6.4677540529549e-18 0.163526109478059 0.367103952292154 -1.14333910898115 -0.776235156688999 0.163526109478059 -2.81515361125992e-18 0.144903971786549 -0.170179167533243 0.684096638800377 0.513917471267133 0.144903971786549
-6.50968020782501e-18 0.163641870465334 0.3716883012318 -1.14724977429569 -0.775561473063888 0.163641870465334 -2.81591954069481e-18 0.144901731555595 -0.170138807313769 0.684071417609524 0.513932610295755 0.144901731555595
-6.52059250198262e-18 0.163719606387015 0.37601081577432 -1.15052937433642 -0.774518558562101 0.163719606387015 -5.02927559550444e-19 0.144895916026776 -0.170100759694178 0.684049678928604 0.513948919234426 0.144895916026776
4.13818342523382e-19 0.163758916788629 0.380066779813751 -1.15317622156715 -0.773109441753397 0.163758916788629 -5.03455005644978e-19 0.144886453872573 -0.170064558202485 0.684031156454771 0.513966598252287 0.144886453872573
6.15794773752227e-18 0.163759473459562 0.383851616940354 -1.15518927932785 -0.7713376623875 0.163759473459562 -5.03571699819454e-19 0.144873229036668 -0.170029758796535 0.684015622876175 0.51398586407964 0.144873229036668
-6.85107707198986e-18 0.163721019816619 0.38736089893486 -1.15656816181748 -0.769207262882624 0.163721019816619 -5.01980279208621e-19 0.144856079309453 -0.169995934412786 0.684002887075309 0.514006952662523 0.144856079309453
-1.85163309629628e-17 0.16364336907106 0.390590357333261 -1.15731313818071 -0.766722780847447 0.16364336907106 4.41469010062404e-18 0.144834794336922 -0.16996266971274 0.683992791753737 0.514030122040997 0.144834794336922
6.12379205471813e-18 0.1635264011503 0.393535897831301 -1.15742514056388 -0.763889242732584 0.1635264011503 4.41428023785098e-18 0.144809113038436 -0.16992955596182 0.683985211447513 0.514055655485693 0.144809113038436
1.48004988314206e-18 0.163370058345868 0.396193617317372 -1.1569057760718 -0.760712158754424 0.163370058345868 -5.90480382154926e-18 0.144778720401569 -0.169896185976459 0.683980050906188 0.514083864929729 0.144778720401569
-7.51102212169061e-18 0.163174339659086 0.398559823342707 -1.15575734262183 -0.757197519279124 0.163174339659086 -5.90535271833267e-18 0.14474324361453 -0.169862149075485 0.683977243811511 0.514115094736026 0.14474324361453
1.92075087617091e-18 0.162939293815044 0.400631055858755 -1.15398284875702 -0.753351792898265 0.162939293815044 -2.20639485062143e-18 0.144698147606474 -0.169823509420014 0.683976693814661 0.514153184394647 0.144698147606474
1.83597844146818e-18 0.162665010913583 0.402404111074523 -1.15158603754466 -0.749181926470133 0.162665010913583 -2.20900735559561e-18 0.144646426978066 -0.169783196487718 0.683978674122019 0.514195477634302 0.144646426978066
-5.0703101592909e-18 0.162351612682812 0.403876067311496 -1.14857141475393 -0.744695347442434 0.162351612682812 3.49926050664492e-19 0.144587447191971 -0.169740712010241 0.683983200910727 0.514242488900487 0.144587447191971
-9.05436162281371e-19 0.161999241296039 0.405044312761308 -1.14494428157482 -0.739899968813516 0.161999241296039 4.85714215673853e-18 0.144520484616736 -0.169695530081118 0.683990319495483 0.514294789414366 0.144520484616736
-8.0967624742095e-18 0.161608046706532 0.40590657508157 -1.14071077221214 -0.734804197130574 0.161608046706532 4.24463549594208e-18 0.144444717634096 -0.169647090464096 0.684000104382966 0.51435301391887 0.144444717634096
-1.20364492718092e-17 0.161178172445997 0.406460952798492 -1.13587789676337 -0.729416943964882 0.161178172445997 3.8631250228463e-18 0.144359216539952 -0.169594791419022 0.684012659556969 0.514417868137947 0.144359216539952
-1.26080659489641e-17 0.160709739821879 0.406705948521158 -1.1304535898678 -0.723747641346645 0.160709739821879 8.2813099935548e-18 0.144262932114016 -0.16953798194237 0.684028118966836 0.514490137024466 0.144262932114016
-8.5572804823198e-18 0.160202830435175 0.406640504011423 -1.12444676569691 -0.717806261685486 0.160202830435175 -5.8371279709995e-18 0.14415468271653 -0.16947595330867 0.684046647186627 0.514570693877957 0.14415468271653
-2.77774408793926e-18 0.15965746692414 0.406264037194987 -1.11786737994279 -0.711603342747807 0.15965746692414 -5.82953170389204e-18 0.144033139752016 -0.169407929785745 0.684068440204764 0.514660510419019 0.144033139752016
-5.73969608217314e-18 0.159073591819855 0.405576481242929 -1.11072649955191 -0.70515001830898 0.159073591819855 -5.83077854934806e-18 0.143896811319601 -0.169333058380872 0.684093726293602 0.51476066791273 0.143896811319601
1.10451153533705e-17 0.158451044376628 0.40457832589789 -1.10303638104499 -0.698458055147104 0.158451044376628 -5.82472014463882e-18 0.143744023846627 -0.169250397455788 0.684122766894313 0.514872369438525 0.143744023846627
3.49654715227302e-19 0.157789535213357 0.40327066126433 -1.09481055835976 -0.691539897095425 0.157789535213357 -5.8181438346857e-18 0.143572901476921 -0.16915890402579 0.684155857434087 0.514996953408296 0.143572901476921
-1.75285720905241e-17 0.157088618570879 0.401655224325697 -1.08606394124803 -0.684408716922336 0.157088618570879 -1.70182511476207e-18 0.143381342956675 -0.169057419530636 0.684193327968492 0.515135908437856 0.143381342956675
-1.0045194241871e-17 0.156347661954455 0.399734448491742 -1.07681292535148 -0.677078476859737 0.156347661954455 -2.57740246461262e-18 0.14316699572923 -0.16894465383259 0.684235543510861 0.515290889678271 0.14316699572923
3.37838190305048e-18 0.155565812889417 0.397511516512439 -1.06707551516369 -0.669563998651253 0.155565812889417 -2.58920420323443e-18 0.142927226914543 -0.168819167157691 0.684282903870536 0.515463736712845 0.142927226914543
3.30465438470728e-18 0.154741962470944 0.394990417118206 -1.05687146115654 -0.661881044038331 0.154741962470944 -2.58738657811115e-18 0.142659090809373 -0.168679349649714 0.684335842770886 0.515656493121171 0.142659090809373
2.2826409551391e-18 0.153874705335319 0.392176005753088 -1.04622241239404 -0.654046406640947 0.153874705335319 6.26422328994832e-18 0.142359292499638 -0.168523398150122 0.684394825953089 0.515871427802967 0.142359292499638
-3.9760090612513e-18 0.152962295618868 0.389074069751751 -1.03515208596653 -0.646078016214779 0.152962295618868 -4.22738677620489e-18 0.1420241471264 -0.168349289749978 0.684460347889392 0.516111058139414 0.1420241471264
2.52762238752997e-19 0.152002598401176 0.385691398262792 -1.02368645453335 -0.637995056270559 0.152002598401176 -4.04728161356164e-18 0.141649534290738 -0.168154751578691 0.684532926625459 0.516378175046767 0.141649534290738
1.00035197691845e-17 0.150993036049945 0.382035857127732 -1.01185395314086 -0.629818096013124 0.150993036049945 -4.02856632556949e-18 0.141230847019676 -0.167937226196669 0.68461309613998 0.516675869943311 0.141230847019676
1.00043488095996e-17 0.149930528794469 0.378116468770955 -0.99968570625411 -0.621569237483155 0.149930528794469 -3.57500709878947e-19 0.140762934644375 -0.167693831840912 0.684701395444129 0.517007563603216 0.140762934644375
3.68000693550319e-18 0.148811428751731 0.373943496919981 -0.98721577556503 -0.613272278645049 0.148811428751731 2.10975918909529e-18 0.140235281721524 -0.167418793175643 0.684799139500681 0.517380346325038 0.140235281721524
4.55362392144091e-18 0.147631446511336 0.369528535631453 -0.974481428566646 -0.604952892935192 0.147631446511336 2.11553597625133e-18 0.139645647866039 -0.167110638963385 0.684906078736072 0.517795439772687 0.139645647866039
5.10205316714266e-18 0.146385569250874 0.364884601612787 -0.961523427048137 -0.59663882543535 0.146385569250874 2.12469779551908e-18 0.13898677032433 -0.166765165646578 0.685022643240543 0.518257477593965 0.13898677032433
-1.87858358854623e-18 0.145067969198917 0.360026228161646 -0.948386333489097 -0.588360105327451 0.145067969198917 3.19743174162393e-18 0.138250529451376 -0.166377607353046 0.685149163357365 0.518771556004319 0.138250529451376
-2.29175953860899e-18 0.143671901085713 0.354969558146348 -0.935118831718194 -0.580149273571846 0.143671901085713 3.28350643901368e-18 0.137427847304008 -0.165942551724246 0.685285819970217 0.51934326824597 0.137427847304008
-2.11802015489309e-18 0.142189587017811 0.349732432261894 -0.921774056038326 -0.572041623776432 0.142189587017811 3.2371482757578e-18 0.136508574063266 -0.165453841514421 0.685432579696774 0.519978738182353 0.136508574063266
5.38121608015611e-18 0.140612086978274 0.344334467254483 -0.908409920181321 -0.564075452926838 0.140612086978274 3.29589427816118e-18 0.135481360803365 -0.164904459217004 0.685589110922543 0.520684651705539 0.135481360803365
2.23637319321953e-18 0.138929152883421 0.338797116843309 -0.895089433805173 -0.556292316961864 0.138929152883421 -2.77173648208555e-18 0.134333516940903 -0.164286391392761 0.685754675564023 0.521468284171262 0.134333516940903
7.46116537262386e-18 0.137129063814615 0.333143705616278 -0.881880989656668 -0.54873728404039 0.137129063814615 4.19142497756664e-18 0.133050850491737 -0.163590468660042 0.685927990139416 0.522337521479374 0.133050850491737
1.77587792657767e-18 0.135198439682541 0.327399423183221 -0.86885859888695 -0.541459175703729 0.135198439682541 4.19586159387389e-18 0.131617489032509 -0.16280617642989 0.686107048079285 0.523300871649394 0.131617489032509
1.11288344085777e-18 0.13312203016404 0.321591262312278 -0.856102045279972 -0.534510782967694 0.13312203016404 8.70281982769963e-18 0.130015679007194 -0.161921430387513 0.686288893140772 0.524367462753258 0.130015679007194
1.26686152318598e-18 0.130882475269303 0.315747880680856 -0.843696921387958 -0.527949040707102 0.130882475269303 4.96404929669408e-18 0.128225560734867 -0.16092230938639 0.686469331183952 0.525547021797562 0.128225560734867
2.84903955330668e-18 0.128460033340264 0.309899361350588 -0.831734500976028 -0.52183513962544 0.128460033340264 -1.88968810133654e-20 0.126224916162618 -0.159792736767229 0.686642564281168 0.52684982751394 0.126224916162618
1.31984830244799e-18 0.125832271639183 0.304076842350149 -0.820311393196061 -0.516234550845912 0.125832271639183 -3.15612582714601e-18 0.123988886067955 -0.158514099057773 0.686800726968292 0.528286627910519 0.123988886067955
5.01653056230878e-19 0.122973713948819 0.29831198119013 -0.809528915257036 -0.511216934066906 0.122973713948819 -1.50987725606408e-18 0.121489653051337 -0.15706478844122 0.686933299157577 0.529868510716357 0.121489653051337
1.93506510649275e-19 0.119855438761782 0.292636216276147 -0.799492113073425 -0.506855896797278 0.119855438761782 -4.67125921790948e-19 0.118696086278402 -0.155419652155408 0.68702636347667 0.531606711321262 0.118696086278402
3.27997788108525e-18 0.116444620677953 0.287079784721338 -0.79030835478466 -0.503228570063322 0.116444620677953 3.40231411527038e-19 0.115573343545215 -0.153549327904666 0.687061666117452 0.533512338212786 0.115573343545215
3.40941160681255e-18 0.112704006549992 0.281670455771251 -0.782085421633859 -0.500414965862607 0.112704006549992 5.84080828851373e-21 0.112082425868992 -0.151419439159029 0.687015429037175 0.535595989878146 0.112082425868992
3.87106677904717e-18 0.108591316720059 0.276431941684841 -0.774929025831853 -0.498497084147012 0.108591316720059 2.07732369108199e-19 0.108179679483927 -0.148989617498116 0.686856846661761 0.537867229163645 0.108179679483927
-1.34409829546741e-18 0.104058560390679 0.271381953936889 -0.76893969647265 -0.497557742535761 0.104058560390679 -7.43622567095472e-19 0.103816239897654 -0.146212310374491 0.68654618081997 0.540333870445479 0.103816239897654
-7.84555179421863e-19 0.0990512528051186 0.266529881925603 -0.764208991843114 -0.49767910991751 0.0990512528051186 -1.22736731365031e-18 0.0989374126152149 -0.143031321005145 0.68603234162054 0.543001020615395 0.0989374126152149
-5.59280875241254e-18 0.0935025435131853 0.261869450340339 -0.760811014084641 -0.498941563744302 0.0935025435131853 -1.64616443426764e-18 0.0934770453321166 -0.1393762548334 0.685248106085996 0.545871851252596 0.0934770453321166
-4.76552233507745e-18 0.0873466476582648 0.257395222180076 -0.758816423369536 -0.50142120118946 0.0873466476582648 -4.50117549955837e-18 0.0873709974935436 -0.135170848389513 0.684110486626279 0.548939638236766 0.0873709974935436
-1.1595190479461e-18 0.0805612263660053 0.254472451384493 -0.761647725951222 -0.507175274566729 0.0805612263660053 7.97640464291769e-19 0.0805425933939253 -0.130320202215835 0.682511904317753 0.552191702101917 0.0805425933939253
-5.17902690838485e-18 0.0731126519634813 0.250425776589502 -0.762530583368343 -0.512104806778841 0.0731126519634813 1.80187470805527e-18 0.0730845995805629 -0.124843786626452 0.680371008734073 0.555527222107621 0.0730845995805629
-3.96461657421788e-18 0.0651399425957091 0.246734670334663 -0.764748003286555 -0.518013332951891 0.0651399425957091 -4.12673493942176e-19 0.0650827658961437 -0.118759905275956 0.6776130869779 0.558853181701945 0.0650827658961437
3.29716637922778e-19 0.0567126254649609 0.243352360165942 -0.768111335525457 -0.524758975359515 0.0567126254649609 5.61499261673737e-19 0.056616911956341 -0.112087057507822 0.67417171920249 0.562084661694668 0.056616911956341
-2.71592858958453e-18 0.04789523702439 0.24023440557513 -0.772443085081844 -0.532208679506714 0.04789523702439 9.52440394298824e-19 0.0477618965276973 -0.104844976733043 0.669989894087164 0.565144917354122 0.0477618965276973
-1.29200954293415e-20 0.0387484688722765 0.237340853233557 -0.777579988950514 -0.540239135716957 0.0387484688722765 -6.56343993653085e-20 0.0385884899400365 -0.0970554569613189 0.665020794120025 0.567965337158706 0.0385884899400365
8.26415509410212e-20 0.0293301925484329 0.234637753010637 -0.783374917662632 -0.548737164651995 0.0293301925484329 5.47160527417979e-19 0.0291641674927108 -0.0887430594761107 0.659228419753775 0.570485360277664 0.0291641674927108
9.32950459742429e-21 0.0196963923409422 0.232098275344169 -0.789698104521094 -0.557599829176926 0.0196963923409422 6.25468557136969e-19 0.0195538399128225 -0.079935776199494 0.652588190708781 0.572652414509287 0.0195538399128225
5.65193301198192e-19 0.00990202613744932 0.229703522639294 -0.796437864212058 -0.566734341572764 0.00990202613744932 6.92910539935715e-19 0.00982053533590547 -0.0706657151374782 0.645087640753726 0.574421925616248 0.00982053533590547
-1.69858561155042e-20 1.83178069142477e-06 0.227443118396916 -0.803500946866107 -0.576057828469191 1.83178069142476e-06 2.61648450537575e-19 2.60460177262316e-05 -0.0609698659231179 0.636727307946761 0.575757442023643 2.60460177262283e-05
-4.6745262412521e-19 -0.00994890550872253 0.225315645302886 -0.810812650267888 -0.585497004965001 -0.00994890550872253 -2.2782004003378e-19 -0.00976844795148503 -0.0508909992727278 0.627521914188098 0.57663091491537 -0.00976844795148503
-6.43555240746156e-20 -0.0198936103729979 0.223328989615709 -0.818316785920703 -0.594987796304994 -0.0198936103729979 -8.12731327248891e-19 -0.0195017662783222 -0.0404787523790878 0.617501924383862 0.577023172004775 -0.0195017662783222
1.40200556067273e-18 -0.0297736856959568 0.221500635280004 -0.825975566884754 -0.60447493160475 -0.0297736856959568 3.75773424080331e-19 -0.0291121160986976 -0.0297909518481915 0.606715574387389 0.576924622539197 -0.0291121160986976
-3.44508151066322e-18 -0.039527778822889 0.219857938040346 -0.833769458267869 -0.613911520227523 -0.039527778822889 1.09849838294311e-19 -0.038536468267344 -0.0188952251875523 0.595231454978638 0.576336229791085 -0.038536468267344
-1.10407115842758e-18 -0.0490910320547707 0.218438397720412 -0.841697005497139 -0.623258607776727 -0.0490910320547707 1.0652839239937e-19 -0.0477099106526119 -0.00787094861112819 0.583141731455964 0.575270782844836 -0.0477099106526119
3.37645503837621e-18 -0.0583943030872391 0.217289935721408 -0.84977463089801 -0.632484695176602 -0.0583943030872391 -1.43269025846911e-18 -0.0565649661658324 0.00318843092409373 0.570566056930418 0.573754487854512 -0.0565649661658324
4.01948377555174e-18 -0.0673633398037759 0.216471174457017 -0.858036365124568 -0.641565190667552 -0.0673633398037759 -2.08316679514814e-18 -0.0650308623174627 0.0141726842460852 0.557656189512743 0.571828873758829 -0.0650308623174627
1.6484152497668e-18 -0.0759178920649167 0.21605170559422 -0.866533455939602 -0.650481750345382 -0.0759178920649167 -2.91028372306652e-18 -0.0730327378307031 0.0249517288666703 0.544601230258734 0.569552959125405 -0.0730327378307031
-3.68179547203114e-18 -0.0839707408562851 0.216112324352654 -0.875333772078872 -0.659221447726218 -0.0839707408562851 3.89082237464899e-18 -0.0804907702560123 0.0353723085532397 0.531633233453491 0.567005542006731 -0.0804907702560123
3.16206485336441e-18 -0.0914266223791382 0.21674519755793 -0.884520893939171 -0.667775696381241 -0.0914266223791382 -5.9156129449844e-18 -0.0873192066291543 0.0452546659596948 0.519032671168324 0.564287337128019 -0.0873192066291543
4.43317489337211e-18 -0.0981810214350474 0.218053923583224 -0.894192755294275 -0.67613883171105 -0.0981810214350474 1.06686652369767e-18 -0.0934252770408808 0.0543896489777598 0.507132830587582 0.561522479565342 -0.0934252770408808
4.4016404957862e-18 -0.104306048807313 0.219960592141132 -0.904279183797673 -0.684318591656541 -0.104306048807313 1.48993882215112e-18 -0.0988856560444966 0.0628151153336062 0.495949349416502 0.558764464750108 -0.0988856560444966
3.93648535749941e-18 -0.109865947544861 0.222390307358289 -0.914705576765246 -0.692315269406958 -0.109865947544861 1.34245001698311e-18 -0.103764523589965 0.0705621870601058 0.485495871383163 0.556058058443269 -0.103764523589965
1.57791772535135e-18 -0.11491793075693 0.225272095732255 -0.925395993159186 -0.700123897426931 -0.11491793075693 1.10509076691403e-18 -0.108127985722562 0.0776787808496019 0.475752142131509 0.553430922981111 -0.108127985722562
-9.0139463720478e-18 -0.119508667447274 0.228537021022442 -0.936266553837971 -0.707729532815529 -0.119508667447274 -1.73339686338067e-18 -0.112030736483175 0.0842042203576818 0.466701702965982 0.550905923323664 -0.112030736483175
-1.08447318669215e-17 -0.123688524906589 0.232128603126727 -0.94726387835925 -0.715135275232523 -0.123688524906589 -4.77169861355909e-18 -0.115521639993978 0.0901772389434182 0.458321927640791 0.548499166584209 -0.115521639993978
1.83271564771647e-19 -0.127497455471632 0.235987013418525 -0.958308373143808 -0.722321359725283 -0.127497455471632 -4.55155797274141e-18 -0.118644349623493 0.0956356364704321 0.450585629627905 0.546221266098338 -0.118644349623493
-4.84562302764122e-18 -0.130971338513237 0.240060026192326 -0.96933498445001 -0.729274958257684 -0.130971338513237 7.14863893470205e-19 -0.12143786385284 0.100616015884325 0.443462387864435 0.544078403748761 -0.12143786385284
3.57242890607653e-18 -0.134142100250974 0.24429999612571 -0.980283123832931 -0.735983127707221 -0.134142100250974 3.65177211250193e-18 -0.123937024224937 0.105153583661468 0.436919639226704 0.542073222888172 -0.123937024224937
3.55528450801951e-18 -0.137038146145671 0.248663620105177 -0.991096782052723 -0.742433161947545 -0.137038146145671 6.27490355992754e-18 -0.126172960713159 0.109282002434503 0.430923575555191 0.540205577989694 -0.126172960713159
-1.86402012202465e-18 -0.139684746814785 0.253111660529516 -1.00172449838899 -0.748612837859469 -0.139684746814785 6.06893284870079e-19 -0.128173489624195 0.113033286988782 0.425439875396595 0.538473162385377 -0.128173489624195
3.49479010605714e-18 -0.142104382188074 0.257608647467278 -1.01211922451885 -0.754510577051573 -0.142104382188074 3.41980516073462e-18 -0.129963468828725 0.116437736777445 0.420434295015369 0.536872031792815 -0.129963468828725
3.51295885509839e-18 -0.144317048496107 0.262122573933363 -1.02223811962237 -0.76011554568901 -0.144317048496107 -2.12098647395698e-18 -0.131565114743765 0.119523899408436 0.415873139099992 0.535397038508428 -0.131565114743765
-3.25442531573964e-18 -0.146340532221009 0.266624594463997 -1.0320423041259 -0.765417709661901 -0.146340532221009 -2.1148326921771e-18 -0.13299828510511 0.122318560428276 0.411723628520145 0.534042188948421 -0.13299828510511
8.78834849086661e-18 -0.148190654698834 0.27108873400107 -1.04149659219353 -0.770407858192458 -0.148190654698835 -7.2602631381778e-19 -0.134280731187751 0.124846755320982 0.407954180155808 0.532800935476791 -0.134280731187751
6.07788272467285e-18 -0.149881490654641 0.275491611683447 -1.05056921740454 -0.775077605721095 -0.149881490654641 -4.10516248993962e-18 -0.135428322768773 0.127131800066727 0.404534611979878 0.531666412046604 -0.135428322768773
-3.48814787753146e-18 -0.151425563578071 0.279812182337437 -1.05923156170875 -0.779419379371311 -0.151425563578071 -4.03911871242687e-18 -0.136455248787932 0.129195336939681 0.40143628506197 0.530631622001651 -0.136455248787932
-2.81839037836675e-18 -0.152834020509913 0.284031497134343 -1.06745789446827 -0.783426397333927 -0.152834020509913 -3.94660791767394e-18 -0.137374196348918 0.131057392516281 0.398632192857824 0.529689585374105 -0.137374196348918
-2.87931252418368e-18 -0.154116788507663 0.288132483933617 -1.07522512594934 -0.787092642015721 -0.154116788507663 6.5973385600275e-18 -0.138196510420248 0.132736445141489 0.396097006983251 0.52883345212474 -0.138196510420248
9.98674308483783e-18 -0.155282714788692 0.292099747167931 -1.08251257783563 -0.790412830667696 -0.155282714788692 -5.04283580521062e-18 -0.138932336338128 0.134249499375745 0.393807087600571 0.528056586976316 -0.138932336338128
1.00545272551042e-17 -0.156339692310691 0.295919386681123 -1.08930177204488 -0.793382385363759 -0.156339692310691 -6.90974649467447e-18 -0.139590746983166 0.135612165222785 0.391740465547705 0.527352630770489 -0.139590746983166
1.13377021996178e-17 -0.157294772338094 0.299578834645943 -1.09557623822281 -0.795997403576868 -0.157294772338094 3.21343057836784e-18 -0.14017985629659 0.13683874021674 0.389876802407031 0.526715542623771 -0.14017985629659
1.5817025850824e-18 -0.158154265357338 0.30306670952231 -1.10132133966742 -0.798254630145113 -0.158154265357338 3.19242196392651e-18 -0.140706920617631 0.13794229272116 0.388197333842138 0.526139626563298 -0.140706920617631
-1.80621629240516e-18 -0.158923831540735 0.30637268593511 -1.10652411702978 -0.800151431094667 -0.158923831540735 3.19775759111257e-18 -0.141174184163546 0.13892562190763 0.386698803812943 0.525624425720572 -0.141174184163546
5.83261460147812e-18 -0.159608561815717 0.309487379328164 -1.11117314888636 -0.801685769558198 -0.159608561815717 3.1574826975499e-18 -0.141592142990922 0.139809613160325 0.385350014411193 0.525159627571518 -0.141592142990922
5.82476268941824e-18 -0.160213050471387 0.312402244268877 -1.11525842814114 -0.802856183872261 -0.160213050471387 3.14525731339968e-18 -0.14196593898436 0.140604054226922 0.384136603727176 0.524740657954099 -0.14196593898436
-5.2412134064909e-18 -0.160741460125247 0.315109485322377 -1.11877125315887 -0.803661767836492 -0.160741460125247 3.1280116400496e-18 -0.142300169220718 0.141317832218746 0.383045460489915 0.52436329270866 -0.142300169220718
1.55928675285066e-18 -0.161197579778173 0.317601979474656 -1.12170413253173 -0.804102153057072 -0.161197579778173 8.27024011315187e-19 -0.142598942974648 0.141959006435614 0.382064638462885 0.524023644898499 -0.142598942974648
-1.54458806465692e-17 -0.16158487660327 0.319873209153837 -1.12405070241993 -0.804177493266097 -0.16158487660327 8.32619731900281e-19 -0.14286593262045 0.142534877416044 0.381183271807707 0.523718149223752 -0.14286593262045
-3.35449327034422e-19 -0.161906542042782 0.321917204972603 -1.12580565547185 -0.803888450499244 -0.161906542042782 -4.64155778775945e-19 -0.143104419077545 0.143052051999571 0.380391492609122 0.523443544608694 -0.143104419077545
-1.07489083280576e-17 -0.162165532725356 0.323728497389448 -1.12696468040967 -0.803236183020226 -0.162165532725356 -2.9037182286915e-18 -0.143317332375703 0.143516504298122 0.379680351441122 0.523196855739244 -0.143317332375703
-3.30348129664953e-18 -0.16236460666251 0.325302076559753 -1.12752441145749 -0.802222334897737 -0.16236460666251 -2.9118910870726e-18 -0.14350728785278 0.143933632563051 0.379041741594221 0.522975374157273 -0.14350728785278
-3.26506250569557e-18 -0.162506355136922 0.32663335971852 -1.12748238688393 -0.800849027165409 -0.162506355136922 -2.91954012489376e-18 -0.143676618441279 0.144308312005603 0.378468327371592 0.522776639377195 -0.143676618441279
-7.68012932924453e-18 -0.162593230655354 0.327718165504437 -1.12683701602996 -0.799118850525525 -0.162593230655354 -2.90368143268675e-18 -0.14382740344975 0.144644943683698 0.377953476690812 0.52259842037451 -0.14382740344975
-7.66675701452045e-18 -0.162627571304519 0.32855269469948 -1.12558755429049 -0.797034859591013 -0.162627571304519 5.32823922293741e-19 -0.143961494200105 0.144947499609328 0.377491198092424 0.522438697701751 -0.143961494200105
6.48347082573492e-18 -0.162611621818455 0.329133516919938 -1.12373408561647 -0.794600568696532 -0.162611621818455 -4.32965266215524e-18 -0.144080536841839 0.145219564260507 0.377076082151185 0.522295646411692 -0.144080536841839
6.46326693083027e-18 -0.162547551640038 0.329457562854106 -1.12127751220139 -0.791819949347282 -0.162547551640038 4.85686300664574e-18 -0.144185992628243 0.145464372701633 0.37670324720587 0.522167619907504 -0.144185992628243
2.8159026581874e-18 -0.162437470236718 0.329522121698914 -1.11821955111226 -0.788697429413349 -0.162437470236718 4.85424706837375e-18 -0.144279155907543 0.145684845528597 0.376368289263747 0.522053134792344 -0.144279155907543
-1.27102157699298e-17 -0.162283439910637 0.329324843504129 -1.11456273772144 -0.78523789421731 -0.162283439910637 4.85606828090113e-18 -0.144361170053053 0.145883620860581 0.376067235893878 0.521950856754459 -0.144361170053053
-8.26312162712895e-18 -0.162087486325641 0.328863746188024 -1.11031043589189 -0.781446689703866 -0.162087486325641 4.85087408393771e-18 -0.144433041530471 0.146063083602074 0.375796503894003 0.521859587496077 -0.144433041530471
-6.0396793434634e-18 -0.161851606957767 0.328137227044416 -1.10546685496651 -0.777329627922093 -0.161851606957767 4.84260407176917e-18 -0.144495652277063 0.146225392195612 0.375552860498256 0.521778252693868 -0.144495652277063
2.18258447092986e-18 -0.161577777661245 0.327144078617523 -1.10003707371169 -0.772892995094169 -0.161577777661245 4.84170522816967e-18 -0.144549770546342 0.146372503080893 0.375333387882952 0.521705890963845 -0.144549770546342
8.70892425084683e-19 -0.16126795752854 0.325883508879537 -1.09402707146871 -0.768143562589173 -0.16126795752854 3.69084999098792e-18 -0.144596060352657 0.146506193068598 0.375135450724697 0.521641643793294 -0.144596060352657
2.63679181809336e-18 -0.160924092210184 0.324355165706497 -1.08744376687375 -0.763088601167251 -0.160924092210184 3.6880816552614e-18 -0.144631541699636 0.146616977208399 0.374972964984966 0.521589942193365 -0.144631541699636
-1.03407862584158e-17 -0.160548115847865 0.322559165711609 -1.08029506462037 -0.757735898908766 -0.160548115847865 3.6897086003012e-18 -0.144660857848063 0.146718374402577 0.374825929966433 0.521544304369011 -0.144660857848063
5.42207953041772e-18 -0.160141951762224 0.32049612756242 -1.07258991085746 -0.752093783295041 -0.160141951762224 3.69120324991272e-18 -0.144684368453015 0.146811616071563 0.374692567306518 0.521504183378081 -0.144684368453015
5.35456180831417e-18 -0.159707512024951 0.318167209979199 -1.06433835794223 -0.746171147963029 -0.159707512024951 3.69189976453777e-18 -0.144702361940338 0.146897836130803 0.374571261135013 0.521469097265816 -0.144702361940339
-4.29579471967594e-18 -0.159246696032836 0.315574154687264 -1.05555163940286 -0.739977484715597 -0.159246696032836 3.69165077504173e-18 -0.144715059049614 0.146978084438119 0.374460539201917 0.521438623640037 -0.144715059049614
1.61586380112172e-19 -0.158761388189373 0.312719334675769 -1.04624225610849 -0.733522921432726 -0.158761388189373 9.96671388359189e-19 -0.144722615545504 0.147053339308678 0.374359055563157 0.521412394871834 -0.144722615545504
2.65897421958439e-19 -0.158253454787215 0.30960580819943 -1.03642407479624 -0.72681826659681 -0.158253454787215 9.97173376408089e-19 -0.144725124130979 0.147124519233955 0.374265574647041 0.521390093880996 -0.144725124130979
-2.0573840791151e-18 -0.157724740172186 0.306237379047342 -1.02611244026444 -0.7198750612171 -0.157724740172186 9.98270469731203e-19 -0.144722615586032 0.147192493935312 0.374178956533124 0.521371450468436 -0.144722615586032
-2.12747672297889e-18 -0.15717706225656 0.302618663693543 -1.01532430270709 -0.712705639013543 -0.15717706225656 8.34943245955501e-18 -0.144715059145924 0.147258094877637 0.374098143283565 0.521356238161202 -0.144715059145924
-1.99892148325931e-18 -0.156612207435865 0.298755166035129 -1.00407836183239 -0.705323195797262 -0.156612207435865 8.34908289207411e-18 -0.144702362123666 0.147322125364878 0.374022146174016 0.521344271538894 -0.144702362123666
-1.95717457385548e-18 -0.156031924949605 0.294653360512988 -0.992395229574215 -0.697741869061226 -0.156031924949605 4.31744908905732e-19 -0.144684368772065 0.147385370336421 0.373950033677222 0.521335404013643 -0.144684368772065
-2.61387541297649e-19 -0.155437920711736 0.290320784492982 -0.980297613359408 -0.689976828866426 -0.155437920711736 4.39794753487718e-18 -0.144660858371341 0.147448605981997 0.373880920056909 0.521329526038906 -0.144660858371341
2.19011468904796e-18 -0.154831850621673 0.285766140855513 -0.967810522025426 -0.682044381169913 -0.154831850621673 -1.74117914397435e-18 -0.144631542518711 0.147512609292503 0.373813954432842 0.521326563725345 -0.144631542518711
2.33181356084277e-18 -0.154215313350711 0.28099941178951 -0.954961496572639 -0.673962084783129 -0.154215313350711 -1.74081859398123e-18 -0.144596061586545 0.147578167665729 0.373748310178941 0.52132647784467 -0.144596061586545
2.08873221474865e-18 -0.153589842582072 0.276031984800798 -0.941780867960146 -0.665748883159348 -0.153589842582072 -1.73821940582111e-18 -0.144549771893641 0.147652891568052 0.373676638312432 0.521329529880484 -0.144549771893641
-2.06301113587574e-18 -0.152956898665117 0.270876791906414 -0.928302044077749 -0.657425252171335 -0.152956898665117 -1.73414401699712e-18 -0.144495653763019 0.147731140637633 0.373604625963934 0.521335766601566 -0.144495653763019
-2.17737158781273e-18 -0.152317859625468 0.265548462873108 -0.914561827804146 -0.649013364931039 -0.152317859625468 -4.39596439120096e-19 -0.144433043186457 0.1478138827972 0.373531372308759 0.521345255105959 -0.144433043186457
-8.53656322493281e-18 -0.15167401145253 0.260063493137895 -0.900600767629818 -0.640537274491923 -0.15167401145253 -4.35228684934279e-19 -0.144361171917907 0.14790214343854 0.373455956292885 0.521358099731424 -0.144361171917907
-8.4772976870185e-18 -0.151026537564192 0.25444042668136 -0.886463541602398 -0.632023114921038 -0.151026537564192 -4.32702377663287e-19 -0.144279158029227 0.147997018528978 0.373377424211439 0.521374442740417 -0.144279158029227
-9.30742643741894e-18 -0.150376507324616 0.248700053557763 -0.87219937423892 -0.623499320681157 -0.150376507324616 -4.29259617441715e-19 -0.144185995065911 0.148099688727407 0.373294776582523 0.52139446530993 -0.144185995065911
-3.76726606491086e-18 -0.149724863465037 0.242865620956437 -0.857862484415851 -0.614996863459413 -0.149724863465037 -4.35831111758034e-18 -0.144080539668408 0.148211434716629 0.373206954084093 0.521418388800722 -0.144080539668408
9.16429236712468e-18 -0.149072408228521 0.236963055498568 -0.843512559940041 -0.606549504441473 -0.149072408228521 -4.36223397363585e-18 -0.143961497505443 0.148333653982729 0.373112822291175 0.521446476273903 -0.143961497505443
9.28843981093561e-18 -0.148419788027494 0.231021192874484 -0.82921525134656 -0.598194058472076 -0.148419788027494 -4.36757753493542e-18 -0.143827407344634 0.148467879301045 0.373011154912472 0.521479034213518 -0.143827407344634
9.26251574262781e-18 -0.147767476366544 0.225072008804422 -0.815042673274567 -0.589970664470145 -0.147767476366544 -4.36069565659257e-18 -0.143676623062291 0.148615799223055 0.37290061517783 0.521516414400885 -0.143676623062291
9.19373602434872e-18 -0.147115754742042 0.21915084257108 -0.80107389636259 -0.581923053791511 -0.147115754742043 -4.36954942577742e-18 -0.143507293368376 0.14877928090046 0.372779734968495 0.521559015868955 -0.143507293368376
9.15381060882787e-18 -0.146464691183341 0.213296600960032 -0.787395405850648 -0.574098804890616 -0.146464691183341 -4.35232524320151e-18 -0.143317338993725 0.148960395632922 0.372646891208888 0.521607286841811 -0.143317338993725
9.37424106264462e-18 -0.145814116046743 0.207551926343585 -0.774101494959257 -0.566549568615672 -0.145814116046743 -1.41048344086649e-18 -0.143104427054505 0.149161447586923 0.372500278946851 0.521661726533774 -0.143104427054505
9.41204983558693e-18 -0.145163594611677 0.201963307945192 -0.761294551816277 -0.559331243871085 -0.145163594611677 1.39371478137133e-18 -0.142865942273013 0.149385006206161 0.372337880436532 0.521722886642693 -0.142865942273013
3.70816978490335e-18 -0.144512395956972 0.19658111027449 -0.749085188723111 -0.552504078448621 -0.144512395956972 1.40325650380882e-18 -0.142598954693806 0.149633942922376 0.372157429397782 0.521791372320158 -0.142598954693806
3.73525683793166e-18 -0.143859457511962 0.191459487807468 -0.737592152854747 -0.54613266504728 -0.143859457511962 1.69581205294927e-18 -0.14230018348928 0.14991147288293 0.371956369451308 0.521867842334238 -0.14230018348928
3.69285464648159e-18 -0.143203344579973 0.18665615098213 -0.726941949636074 -0.540285798653945 -0.143203344579973 -3.14207467527179e-18 -0.141965956398509 0.150221202541598 0.371731805512259 0.521953008053857 -0.141965956398509
-6.86676544370104e-18 -0.142542204017884 0.182231946606296 -0.71726810627168 -0.535036159665384 -0.142542204017884 -3.14106286674694e-18 -0.141592164286748 0.150567184118118 0.3714804466544 0.522047630772518 -0.141592164286748
-5.19141586328965e-19 -0.141873711121469 0.17825021726259 -0.708710006095828 -0.530459788833238 -0.141873711121469 -3.18292119678694e-18 -0.141174210249666 0.150953978126785 0.371198538619033 0.522152516745818 -0.141174210249666
-7.12353877041461e-19 -0.141195008608083 0.174775910839686 -0.701411237745305 -0.526635326905619 -0.141195008608083 -3.2071021293112e-18 -0.14070695261521 0.151386725413751 0.370881783719208 0.522268509132959 -0.14070695261521
-3.38090205422695e-18 -0.140502636400872 0.171874424351757 -0.695517429513109 -0.523643005161352 -0.140502636400872 2.67846403512894e-18 -0.140179889297085 0.151875720383512 0.370521823697614 0.522397544081126 -0.140179889297085
-3.38562989413687e-18 -0.139792450695972 0.169610186493258 -0.691173580149571 -0.521563393656313 -0.139792450695972 2.68026010440131e-18 -0.139590781189537 0.152423608663028 0.370115891029704 0.522539499692731 -0.139590781189537
-9.90497805322115e-19 -0.139059530528402 0.168045010371799 -0.688520951764594 -0.520475941392795 -0.139059530528402 -2.41450183722777e-18 -0.138932371996792 0.15303790796167 0.369657318680223 0.522695226641893 -0.138932371996792
